299 2 8 
0 1 0.000028 0.000052 0.000089 0.000048 0.000016 0.000039 0.000016 0.000017 
1 1 0.000028 0.000052 0.000089 0.000048 0.000016 0.000039 0.000016 0.000017 
2 0 0.000028 0.000052 0.000089 0.000048 0.000016 0.000039 0.000016 0.000017 
3 0 0.000028 0.000052 0.000089 0.000048 0.000016 0.000039 0.000016 0.000017 
4 1 0.000028 0.000052 0.000089 0.000048 0.000016 0.000039 0.000016 0.000017 
5 0 0.000028 0.000052 0.000089 0.000048 0.000016 0.000039 0.000016 0.000017 
6 1 0.000028 0.000052 0.000089 0.000048 0.000016 0.000039 0.000016 0.000017 
7 0 0.000028 0.000052 0.000089 0.000048 0.000016 0.000039 0.000016 0.000017 
8 0 0.000028 0.000052 0.000089 0.000048 0.000016 0.000039 0.000016 0.000017 
9 0 0.000028 0.000052 0.000089 0.000048 0.000016 0.000039 0.000016 0.000017 
10 0 0.000028 0.000052 0.000089 0.000048 0.000016 0.000039 0.000016 0.000017 
11 0 0.000028 0.000052 0.000089 0.000048 0.000016 0.000039 0.000016 0.000017 
12 0 0.000028 0.000052 0.000089 0.000048 0.000016 0.000039 0.000016 0.000017 
13 0 0.000028 0.000052 0.000089 0.000048 0.000016 0.000039 0.000016 0.000017 
14 0 0.000028 0.000052 0.000089 0.000048 0.000016 0.000039 0.000016 0.000017 
15 0 0.000028 0.000052 0.000089 0.000048 0.000016 0.000039 0.000016 0.000017 
16 1 0.000028 0.000052 0.000089 0.000048 0.000016 0.000039 0.000016 0.000017 
17 1 0.000028 0.000052 0.000089 0.000048 0.000016 0.000039 0.000016 0.000017 
18 0 0.000028 0.000052 0.000089 0.000048 0.000016 0.000039 0.000016 0.000017 
19 0 0.000028 0.000052 0.000089 0.000048 0.000016 0.000039 0.000016 0.000017 
20 0 0.000028 0.000052 0.000089 0.000048 0.000016 0.000039 0.000016 0.000017 
21 0 0.000028 0.000052 0.000089 0.000048 0.000016 0.000039 0.000016 0.000017 
22 1 0.000028 0.000052 0.000089 0.000048 0.000016 0.000039 0.000016 0.000017 
23 1 0.000028 0.000052 0.000089 0.000048 0.000016 0.000039 0.000016 0.000017 
24 1 0.000028 0.000052 0.000089 0.000048 0.000016 0.000039 0.000016 0.000017 
25 0 0.000028 0.000052 0.000089 0.000048 0.000016 0.000039 0.000016 0.000017 
26 0 0.000028 0.000052 0.000089 0.000048 0.000016 0.000039 0.000016 0.000017 
27 0 0.000028 0.000052 0.000089 0.000048 0.000016 0.000039 0.000016 0.000017 
28 1 0.000028 0.000052 0.000089 0.000048 0.000016 0.000039 0.000016 0.000017 
29 0 0.000028 0.000052 0.000089 0.000048 0.000016 0.000039 0.000016 0.000017 
30 0 0.000028 0.000052 0.000089 0.000048 0.000016 0.000039 0.000016 0.000017 
31 0 0.000028 0.000052 0.000089 0.000048 0.000016 0.000039 0.000016 0.000017 
32 0 0.000028 0.000052 0.000089 0.000048 0.000016 0.000039 0.000016 0.000017 
33 0 0.000028 0.000052 0.000089 0.000048 0.000016 0.000039 0.000016 0.000017 
34 0 0.000028 0.000052 0.000089 0.000048 0.000016 0.000039 0.000016 0.000017 
35 1 0.000028 0.000052 0.000089 0.000048 0.000016 0.000039 0.000016 0.000017 
36 0 0.000028 0.000052 0.000089 0.000048 0.000016 0.000039 0.000016 0.000017 
37 1 0.000028 0.000052 0.000089 0.000048 0.000016 0.000039 0.000016 0.000017 
38 1 0.000028 0.000052 0.000089 0.000048 0.000016 0.000039 0.000016 0.000017 
39 1 0.000028 0.000052 0.000089 0.000048 0.000016 0.000039 0.000016 0.000017 
40 0 0.000028 0.000052 0.000089 0.000048 0.000016 0.000039 0.000016 0.000017 
41 0 0.000028 0.000052 0.000089 0.000048 0.000016 0.000039 0.000016 0.000017 
42 0 0.000028 0.000052 0.000089 0.000048 0.000016 0.000039 0.000016 0.000017 
43 1 0.000028 0.000052 0.000089 0.000048 0.000016 0.000039 0.000016 0.000017 
44 0 0.000028 0.000052 0.000089 0.000048 0.000016 0.000039 0.000016 0.000017 
45 0 0.000028 0.000052 0.000089 0.000048 0.000016 0.000039 0.000016 0.000017 
46 0 0.000028 0.000052 0.000089 0.000048 0.000016 0.000039 0.000016 0.000017 
47 0 0.000028 0.000052 0.000089 0.000048 0.000016 0.000039 0.000016 0.000017 
48 0 0.000028 0.000052 0.000089 0.000048 0.000016 0.000039 0.000016 0.000017 
49 0 0.000028 0.000052 0.000089 0.000048 0.000016 0.000039 0.000016 0.000017 
50 0 0.000028 0.000052 0.000089 0.000048 0.000016 0.000039 0.000016 0.000017 
51 1 0.000028 0.000052 0.000089 0.000048 0.000016 0.000039 0.000016 0.000017 
52 0 0.000028 0.000052 0.000089 0.000048 0.000016 0.000039 0.000016 0.000017 
53 1 0.000028 0.000052 0.000089 0.000048 0.000016 0.000039 0.000016 0.000017 
54 0 0.000028 0.000052 0.000089 0.000048 0.000016 0.000039 0.000016 0.000017 
55 0 0.000028 0.000052 0.000089 0.000048 0.000016 0.000039 0.000016 0.000017 
56 1 0.000028 0.000052 0.000089 0.000048 0.000016 0.000039 0.000016 0.000017 
57 0 0.000028 0.000052 0.000089 0.000048 0.000016 0.000039 0.000016 0.000017 
58 1 0.000028 0.000052 0.000089 0.000048 0.000016 0.000039 0.000016 0.000017 
59 0 0.000028 0.000052 0.000089 0.000048 0.000016 0.000039 0.000016 0.000017 
60 0 0.000028 0.000052 0.000089 0.000048 0.000016 0.000039 0.000016 0.000017 
61 0 0.000028 0.000052 0.000089 0.000048 0.000016 0.000039 0.000016 0.000017 
62 1 0.000028 0.000052 0.000089 0.000048 0.000016 0.000039 0.000016 0.000017 
63 1 0.000028 0.000052 0.000089 0.000048 0.000016 0.000039 0.000016 0.000017 
64 0 0.000028 0.000052 0.000089 0.000048 0.000016 0.000039 0.000016 0.000017 
65 0 0.000028 0.000052 0.000089 0.000048 0.000016 0.000039 0.000016 0.000017 
66 0 0.000028 0.000052 0.000089 0.000048 0.000016 0.000039 0.000016 0.000017 
67 0 0.000028 0.000052 0.000089 0.000048 0.000016 0.000039 0.000016 0.000017 
68 0 0.000028 0.000052 0.000089 0.000048 0.000016 0.000039 0.000016 0.000017 
69 0 0.000028 0.000052 0.000089 0.000048 0.000016 0.000039 0.000016 0.000017 
70 1 0.000028 0.000052 0.000089 0.000048 0.000016 0.000039 0.000016 0.000017 
71 0 0.000028 0.000052 0.000089 0.000048 0.000016 0.000039 0.000016 0.000017 
72 0 0.000028 0.000052 0.000089 0.000048 0.000016 0.000039 0.000016 0.000017 
73 1 0.000028 0.000052 0.000089 0.000048 0.000016 0.000039 0.000016 0.000017 
74 0 0.000028 0.000052 0.000089 0.000048 0.000016 0.000039 0.000016 0.000017 
75 0 0.000028 0.000052 0.000089 0.000048 0.000016 0.000039 0.000016 0.000017 
76 0 0.000028 0.000052 0.000089 0.000048 0.000016 0.000039 0.000016 0.000017 
77 0 0.000028 0.000052 0.000089 0.000048 0.000016 0.000039 0.000016 0.000017 
78 0 0.000028 0.000052 0.000089 0.000048 0.000016 0.000039 0.000016 0.000017 
79 0 0.000028 0.000052 0.000089 0.000048 0.000016 0.000039 0.000016 0.000017 
80 1 0.000028 0.000052 0.000089 0.000048 0.000016 0.000039 0.000016 0.000017 
81 1 0.000028 0.000052 0.000089 0.000048 0.000016 0.000039 0.000016 0.000017 
82 0 0.000028 0.000052 0.000089 0.000048 0.000016 0.000039 0.000016 0.000017 
83 0 0.000028 0.000052 0.000089 0.000048 0.000016 0.000039 0.000016 0.000017 
84 0 0.000028 0.000052 0.000089 0.000048 0.000016 0.000039 0.000016 0.000017 
85 1 0.000028 0.000052 0.000089 0.000048 0.000016 0.000039 0.000016 0.000017 
86 0 0.000028 0.000052 0.000089 0.000048 0.000016 0.000039 0.000016 0.000017 
87 1 0.000028 0.000052 0.000089 0.000048 0.000016 0.000039 0.000016 0.000017 
88 1 0.000028 0.000052 0.000089 0.000048 0.000016 0.000039 0.000016 0.000017 
89 1 0.000028 0.000052 0.000089 0.000048 0.000016 0.000039 0.000016 0.000017 
90 1 0.000028 0.000052 0.000089 0.000048 0.000016 0.000039 0.000016 0.000017 
91 0 0.000028 0.000052 0.000089 0.000048 0.000016 0.000039 0.000016 0.000017 
92 1 0.000028 0.000052 0.000089 0.000048 0.000016 0.000039 0.000016 0.000017 
93 0 0.000028 0.000052 0.000089 0.000048 0.000016 0.000039 0.000016 0.000017 
94 1 0.000028 0.000052 0.000089 0.000048 0.000016 0.000039 0.000016 0.000017 
95 1 0.000028 0.000052 0.000089 0.000048 0.000016 0.000039 0.000016 0.000017 
96 0 0.000028 0.000052 0.000089 0.000048 0.000016 0.000039 0.000016 0.000017 
97 0 0.000028 0.000052 0.000089 0.000048 0.000016 0.000039 0.000016 0.000017 
98 0 0.000028 0.000052 0.000089 0.000048 0.000016 0.000039 0.000016 0.000017 
99 1 0.000028 0.000052 0.000089 0.000048 0.000016 0.000039 0.000016 0.000017 
100 1 0.000028 0.000052 0.000089 0.000048 0.000016 0.000039 0.000016 0.000017 
101 0 0.000028 0.000052 0.000089 0.000048 0.000016 0.000039 0.000016 0.000017 
102 0 0.000028 0.000052 0.000089 0.000048 0.000016 0.000039 0.000016 0.000017 
103 1 0.000028 0.000052 0.000089 0.000048 0.000016 0.000039 0.000016 0.000017 
104 0 0.000028 0.000052 0.000089 0.000048 0.000016 0.000039 0.000016 0.000017 
105 0 0.000028 0.000052 0.000089 0.000048 0.000016 0.000039 0.000016 0.000017 
106 0 0.000028 0.000052 0.000089 0.000048 0.000016 0.000039 0.000016 0.000017 
107 0 0.000028 0.000052 0.000089 0.000048 0.000016 0.000039 0.000016 0.000017 
108 1 0.000028 0.000052 0.000089 0.000048 0.000016 0.000039 0.000016 0.000017 
109 1 0.000028 0.000052 0.000089 0.000048 0.000016 0.000039 0.000016 0.000017 
110 0 0.000028 0.000052 0.000089 0.000048 0.000016 0.000039 0.000016 0.000017 
111 0 0.000028 0.000052 0.000089 0.000048 0.000016 0.000039 0.000016 0.000017 
112 0 0.000028 0.000052 0.000089 0.000048 0.000016 0.000039 0.000016 0.000017 
113 0 0.000028 0.000052 0.000089 0.000048 0.000016 0.000039 0.000016 0.000017 
114 0 0.000028 0.000052 0.000089 0.000048 0.000016 0.000039 0.000016 0.000017 
115 0 0.000028 0.000052 0.000089 0.000048 0.000016 0.000039 0.000016 0.000017 
116 0 0.000028 0.000052 0.000089 0.000048 0.000016 0.000039 0.000016 0.000017 
117 1 0.000028 0.000052 0.000089 0.000048 0.000016 0.000039 0.000016 0.000017 
118 0 0.000028 0.000052 0.000089 0.000048 0.000016 0.000039 0.000016 0.000017 
119 0 0.000028 0.000052 0.000089 0.000048 0.000016 0.000039 0.000016 0.000017 
120 0 0.000028 0.000052 0.000089 0.000048 0.000016 0.000039 0.000016 0.000017 
121 0 0.000028 0.000052 0.000089 0.000048 0.000016 0.000039 0.000016 0.000017 
122 1 0.000028 0.000052 0.000089 0.000048 0.000016 0.000039 0.000016 0.000017 
123 1 0.000028 0.000052 0.000089 0.000048 0.000016 0.000039 0.000016 0.000017 
124 0 0.000028 0.000052 0.000089 0.000048 0.000016 0.000039 0.000016 0.000017 
125 0 0.000028 0.000052 0.000089 0.000048 0.000016 0.000039 0.000016 0.000017 
126 1 0.000028 0.000052 0.000089 0.000048 0.000016 0.000039 0.000016 0.000017 
127 0 0.000028 0.000052 0.000089 0.000048 0.000016 0.000039 0.000016 0.000017 
128 0 0.000028 0.000052 0.000089 0.000048 0.000016 0.000039 0.000016 0.000017 
129 0 0.000028 0.000052 0.000089 0.000048 0.000016 0.000039 0.000016 0.000017 
130 0 0.000028 0.000052 0.000089 0.000048 0.000016 0.000039 0.000016 0.000017 
131 1 0.000028 0.000052 0.000089 0.000048 0.000016 0.000039 0.000016 0.000017 
132 0 0.000028 0.000052 0.000089 0.000048 0.000016 0.000039 0.000016 0.000017 
133 0 0.000028 0.000052 0.000089 0.000048 0.000016 0.000039 0.000016 0.000017 
134 0 0.000028 0.000052 0.000089 0.000048 0.000016 0.000039 0.000016 0.000017 
135 1 0.000028 0.000052 0.000089 0.000048 0.000016 0.000039 0.000016 0.000017 
136 1 0.000028 0.000052 0.000089 0.000048 0.000016 0.000039 0.000016 0.000017 
137 1 0.000028 0.000052 0.000089 0.000048 0.000016 0.000039 0.000016 0.000017 
138 1 0.000028 0.000052 0.000089 0.000048 0.000016 0.000039 0.000016 0.000017 
139 0 0.000028 0.000052 0.000089 0.000048 0.000016 0.000039 0.000016 0.000017 
140 0 0.000028 0.000052 0.000089 0.000048 0.000016 0.000039 0.000016 0.000017 
141 1 0.000028 0.000052 0.000089 0.000048 0.000016 0.000039 0.000016 0.000017 
142 1 0.000028 0.000052 0.000089 0.000048 0.000016 0.000039 0.000016 0.000017 
143 1 0.000028 0.000052 0.000089 0.000048 0.000016 0.000039 0.000016 0.000017 
144 0 0.000028 0.000052 0.000089 0.000048 0.000016 0.000039 0.000016 0.000017 
145 0 0.000028 0.000052 0.000089 0.000048 0.000016 0.000039 0.000016 0.000017 
146 1 0.000028 0.000052 0.000089 0.000048 0.000016 0.000039 0.000016 0.000017 
147 1 0.000028 0.000052 0.000089 0.000048 0.000016 0.000039 0.000016 0.000017 
148 1 0.000028 0.000052 0.000089 0.000048 0.000016 0.000039 0.000016 0.000017 
149 0 0.000028 0.000052 0.000089 0.000048 0.000016 0.000039 0.000016 0.000017 
150 0 0.000028 0.000052 0.000089 0.000048 0.000016 0.000039 0.000016 0.000017 
151 0 0.000028 0.000052 0.000089 0.000048 0.000016 0.000039 0.000016 0.000017 
152 0 0.000028 0.000052 0.000089 0.000048 0.000016 0.000039 0.000016 0.000017 
153 1 0.000028 0.000052 0.000089 0.000048 0.000016 0.000039 0.000016 0.000017 
154 1 0.000028 0.000052 0.000089 0.000048 0.000016 0.000039 0.000016 0.000017 
155 1 0.000028 0.000052 0.000089 0.000048 0.000016 0.000039 0.000016 0.000017 
156 0 0.000028 0.000052 0.000089 0.000048 0.000016 0.000039 0.000016 0.000017 
157 0 0.000028 0.000052 0.000089 0.000048 0.000016 0.000039 0.000016 0.000017 
158 0 0.000028 0.000052 0.000089 0.000048 0.000016 0.000039 0.000016 0.000017 
159 0 0.000028 0.000052 0.000089 0.000048 0.000016 0.000039 0.000016 0.000017 
160 1 0.000028 0.000052 0.000089 0.000048 0.000016 0.000039 0.000016 0.000017 
161 1 0.000028 0.000052 0.000089 0.000048 0.000016 0.000039 0.000016 0.000017 
162 0 0.000028 0.000052 0.000089 0.000048 0.000016 0.000039 0.000016 0.000017 
163 0 0.000028 0.000052 0.000089 0.000048 0.000016 0.000039 0.000016 0.000017 
164 1 0.000028 0.000052 0.000089 0.000048 0.000016 0.000039 0.000016 0.000017 
165 0 0.000028 0.000052 0.000089 0.000048 0.000016 0.000039 0.000016 0.000017 
166 0 0.000028 0.000052 0.000089 0.000048 0.000016 0.000039 0.000016 0.000017 
167 1 0.000028 0.000052 0.000089 0.000048 0.000016 0.000039 0.000016 0.000017 
168 1 0.000028 0.000052 0.000089 0.000048 0.000016 0.000039 0.000016 0.000017 
169 0 0.000028 0.000052 0.000089 0.000048 0.000016 0.000039 0.000016 0.000017 
170 0 0.000028 0.000052 0.000089 0.000048 0.000016 0.000039 0.000016 0.000017 
171 0 0.000028 0.000052 0.000089 0.000048 0.000016 0.000039 0.000016 0.000017 
172 0 0.000028 0.000052 0.000089 0.000048 0.000016 0.000039 0.000016 0.000017 
173 0 0.000028 0.000052 0.000089 0.000048 0.000016 0.000039 0.000016 0.000017 
174 0 0.000028 0.000052 0.000089 0.000048 0.000016 0.000039 0.000016 0.000017 
175 0 0.000028 0.000052 0.000089 0.000048 0.000016 0.000039 0.000016 0.000017 
176 0 0.000028 0.000052 0.000089 0.000048 0.000016 0.000039 0.000016 0.000017 
177 0 0.000028 0.000052 0.000089 0.000048 0.000016 0.000039 0.000016 0.000017 
178 0 0.000028 0.000052 0.000089 0.000048 0.000016 0.000039 0.000016 0.000017 
179 1 0.000028 0.000052 0.000089 0.000048 0.000016 0.000039 0.000016 0.000017 
180 0 0.000028 0.000052 0.000089 0.000048 0.000016 0.000039 0.000016 0.000017 
181 0 0.000028 0.000052 0.000089 0.000048 0.000016 0.000039 0.000016 0.000017 
182 1 0.000028 0.000052 0.000089 0.000048 0.000016 0.000039 0.000016 0.000017 
183 1 0.000028 0.000052 0.000089 0.000048 0.000016 0.000039 0.000016 0.000017 
184 0 0.000028 0.000052 0.000089 0.000048 0.000016 0.000039 0.000016 0.000017 
185 0 0.000028 0.000052 0.000089 0.000048 0.000016 0.000039 0.000016 0.000017 
186 0 0.000028 0.000052 0.000089 0.000048 0.000016 0.000039 0.000016 0.000017 
187 0 0.000028 0.000052 0.000089 0.000048 0.000016 0.000039 0.000016 0.000017 
188 1 0.000028 0.000052 0.000089 0.000048 0.000016 0.000039 0.000016 0.000017 
189 0 0.000028 0.000052 0.000089 0.000048 0.000016 0.000039 0.000016 0.000017 
190 0 0.000028 0.000052 0.000089 0.000048 0.000016 0.000039 0.000016 0.000017 
191 0 0.000028 0.000052 0.000089 0.000048 0.000016 0.000039 0.000016 0.000017 
192 0 0.000028 0.000052 0.000089 0.000048 0.000016 0.000039 0.000016 0.000017 
193 0 0.000028 0.000052 0.000089 0.000048 0.000016 0.000039 0.000016 0.000017 
194 0 0.000028 0.000052 0.000089 0.000048 0.000016 0.000039 0.000016 0.000017 
195 0 0.000028 0.000052 0.000089 0.000048 0.000016 0.000039 0.000016 0.000017 
196 0 0.000028 0.000052 0.000089 0.000048 0.000016 0.000039 0.000016 0.000017 
197 0 0.000028 0.000052 0.000089 0.000048 0.000016 0.000039 0.000016 0.000017 
198 0 0.000028 0.000052 0.000089 0.000048 0.000016 0.000039 0.000016 0.000017 
199 1 0.000028 0.000052 0.000089 0.000048 0.000016 0.000039 0.000016 0.000017 
200 1 0.000028 0.000052 0.000089 0.000048 0.000016 0.000039 0.000016 0.000017 
201 1 0.000028 0.000052 0.000089 0.000048 0.000016 0.000039 0.000016 0.000017 
202 1 0.000028 0.000052 0.000089 0.000048 0.000016 0.000039 0.000016 0.000017 
203 0 0.000028 0.000052 0.000089 0.000048 0.000016 0.000039 0.000016 0.000017 
204 1 0.000028 0.000052 0.000089 0.000048 0.000016 0.000039 0.000016 0.000017 
205 1 0.000028 0.000052 0.000089 0.000048 0.000016 0.000039 0.000016 0.000017 
206 0 0.000028 0.000052 0.000089 0.000048 0.000016 0.000039 0.000016 0.000017 
207 1 0.000028 0.000052 0.000089 0.000048 0.000016 0.000039 0.000016 0.000017 
208 0 0.000028 0.000052 0.000089 0.000048 0.000016 0.000039 0.000016 0.000017 
209 0 0.000028 0.000052 0.000089 0.000048 0.000016 0.000039 0.000016 0.000017 
210 0 0.000028 0.000052 0.000089 0.000048 0.000016 0.000039 0.000016 0.000017 
211 0 0.000028 0.000052 0.000089 0.000048 0.000016 0.000039 0.000016 0.000017 
212 0 0.000028 0.000052 0.000089 0.000048 0.000016 0.000039 0.000016 0.000017 
213 1 0.000028 0.000052 0.000089 0.000048 0.000016 0.000039 0.000016 0.000017 
214 0 0.000028 0.000052 0.000089 0.000048 0.000016 0.000039 0.000016 0.000017 
215 0 0.000028 0.000052 0.000089 0.000048 0.000016 0.000039 0.000016 0.000017 
216 0 0.000028 0.000052 0.000089 0.000048 0.000016 0.000039 0.000016 0.000017 
217 0 0.000028 0.000052 0.000089 0.000048 0.000016 0.000039 0.000016 0.000017 
218 0 0.000028 0.000052 0.000089 0.000048 0.000016 0.000039 0.000016 0.000017 
219 0 0.000028 0.000052 0.000089 0.000048 0.000016 0.000039 0.000016 0.000017 
220 0 0.000028 0.000052 0.000089 0.000048 0.000016 0.000039 0.000016 0.000017 
221 0 0.000028 0.000052 0.000089 0.000048 0.000016 0.000039 0.000016 0.000017 
222 0 0.000028 0.000052 0.000089 0.000048 0.000016 0.000039 0.000016 0.000017 
223 0 0.000028 0.000052 0.000089 0.000048 0.000016 0.000039 0.000016 0.000017 
224 0 0.000028 0.000052 0.000089 0.000048 0.000016 0.000039 0.000016 0.000017 
225 1 0.000028 0.000052 0.000089 0.000048 0.000016 0.000039 0.000016 0.000017 
226 0 0.000028 0.000052 0.000089 0.000048 0.000016 0.000039 0.000016 0.000017 
227 0 0.000028 0.000052 0.000089 0.000048 0.000016 0.000039 0.000016 0.000017 
228 0 0.000028 0.000052 0.000089 0.000048 0.000016 0.000039 0.000016 0.000017 
229 0 0.000028 0.000052 0.000089 0.000048 0.000016 0.000039 0.000016 0.000017 
230 0 0.000028 0.000052 0.000089 0.000048 0.000016 0.000039 0.000016 0.000017 
231 0 0.000028 0.000052 0.000089 0.000048 0.000016 0.000039 0.000016 0.000017 
232 1 0.000028 0.000052 0.000089 0.000048 0.000016 0.000039 0.000016 0.000017 
233 0 0.000028 0.000052 0.000089 0.000048 0.000016 0.000039 0.000016 0.000017 
234 0 0.000028 0.000052 0.000089 0.000048 0.000016 0.000039 0.000016 0.000017 
235 0 0.000028 0.000052 0.000089 0.000048 0.000016 0.000039 0.000016 0.000017 
236 1 0.000028 0.000052 0.000089 0.000048 0.000016 0.000039 0.000016 0.000017 
237 0 0.000028 0.000052 0.000089 0.000048 0.000016 0.000039 0.000016 0.000017 
238 0 0.000028 0.000052 0.000089 0.000048 0.000016 0.000039 0.000016 0.000017 
239 0 0.000028 0.000052 0.000089 0.000048 0.000016 0.000039 0.000016 0.000017 
240 0 0.000028 0.000052 0.000089 0.000048 0.000016 0.000039 0.000016 0.000017 
241 0 0.000028 0.000052 0.000089 0.000048 0.000016 0.000039 0.000016 0.000017 
242 1 0.000028 0.000052 0.000089 0.000048 0.000016 0.000039 0.000016 0.000017 
243 0 0.000028 0.000052 0.000089 0.000048 0.000016 0.000039 0.000016 0.000017 
244 1 0.000028 0.000052 0.000089 0.000048 0.000016 0.000039 0.000016 0.000017 
245 1 0.000028 0.000052 0.000089 0.000048 0.000016 0.000039 0.000016 0.000017 
246 1 0.000028 0.000052 0.000089 0.000048 0.000016 0.000039 0.000016 0.000017 
247 0 0.000028 0.000052 0.000089 0.000048 0.000016 0.000039 0.000016 0.000017 
248 0 0.000028 0.000052 0.000089 0.000048 0.000016 0.000039 0.000016 0.000017 
249 0 0.000028 0.000052 0.000089 0.000048 0.000016 0.000039 0.000016 0.000017 
250 0 0.000028 0.000052 0.000089 0.000048 0.000016 0.000039 0.000016 0.000017 
251 0 0.000028 0.000052 0.000089 0.000048 0.000016 0.000039 0.000016 0.000017 
252 0 0.000028 0.000052 0.000089 0.000048 0.000016 0.000039 0.000016 0.000017 
253 0 0.000028 0.000052 0.000089 0.000048 0.000016 0.000039 0.000016 0.000017 
254 0 0.000028 0.000052 0.000089 0.000048 0.000016 0.000039 0.000016 0.000017 
255 1 0.000028 0.000052 0.000089 0.000048 0.000016 0.000039 0.000016 0.000017 
256 1 0.000028 0.000052 0.000089 0.000048 0.000016 0.000039 0.000016 0.000017 
257 0 0.000028 0.000052 0.000089 0.000048 0.000016 0.000039 0.000016 0.000017 
258 0 0.000028 0.000052 0.000089 0.000048 0.000016 0.000039 0.000016 0.000017 
259 1 0.000028 0.000052 0.000089 0.000048 0.000016 0.000039 0.000016 0.000017 
260 1 0.000028 0.000052 0.000089 0.000048 0.000016 0.000039 0.000016 0.000017 
261 0 0.000028 0.000052 0.000089 0.000048 0.000016 0.000039 0.000016 0.000017 
262 0 0.000028 0.000052 0.000089 0.000048 0.000016 0.000039 0.000016 0.000017 
263 1 0.000028 0.000052 0.000089 0.000048 0.000016 0.000039 0.000016 0.000017 
264 0 0.000028 0.000052 0.000089 0.000048 0.000016 0.000039 0.000016 0.000017 
265 0 0.000028 0.000052 0.000089 0.000048 0.000016 0.000039 0.000016 0.000017 
266 1 0.000028 0.000052 0.000089 0.000048 0.000016 0.000039 0.000016 0.000017 
267 1 0.000028 0.000052 0.000089 0.000048 0.000016 0.000039 0.000016 0.000017 
268 0 0.000028 0.000052 0.000089 0.000048 0.000016 0.000039 0.000016 0.000017 
269 0 0.000028 0.000052 0.000089 0.000048 0.000016 0.000039 0.000016 0.000017 
270 1 0.000028 0.000052 0.000089 0.000048 0.000016 0.000039 0.000016 0.000017 
271 0 0.000028 0.000052 0.000089 0.000048 0.000016 0.000039 0.000016 0.000017 
272 1 0.000028 0.000052 0.000089 0.000048 0.000016 0.000039 0.000016 0.000017 
273 0 0.000028 0.000052 0.000089 0.000048 0.000016 0.000039 0.000016 0.000017 
274 0 0.000028 0.000052 0.000089 0.000048 0.000016 0.000039 0.000016 0.000017 
275 0 0.000028 0.000052 0.000089 0.000048 0.000016 0.000039 0.000016 0.000017 
276 0 0.000028 0.000052 0.000089 0.000048 0.000016 0.000039 0.000016 0.000017 
277 0 0.000028 0.000052 0.000089 0.000048 0.000016 0.000039 0.000016 0.000017 
278 1 0.000028 0.000052 0.000089 0.000048 0.000016 0.000039 0.000016 0.000017 
279 1 0.000028 0.000052 0.000089 0.000048 0.000016 0.000039 0.000016 0.000017 
280 0 0.000028 0.000052 0.000089 0.000048 0.000016 0.000039 0.000016 0.000017 
281 1 0.000028 0.000052 0.000089 0.000048 0.000016 0.000039 0.000016 0.000017 
282 1 0.000028 0.000052 0.000089 0.000048 0.000016 0.000039 0.000016 0.000017 
283 1 0.000028 0.000052 0.000089 0.000048 0.000016 0.000039 0.000016 0.000017 
284 1 0.000028 0.000052 0.000089 0.000048 0.000016 0.000039 0.000016 0.000017 
285 1 0.000028 0.000052 0.000089 0.000048 0.000016 0.000039 0.000016 0.000017 
286 0 0.000028 0.000052 0.000089 0.000048 0.000016 0.000039 0.000016 0.000017 
287 0 0.000028 0.000052 0.000089 0.000048 0.000016 0.000039 0.000016 0.000017 
288 0 0.000028 0.000052 0.000089 0.000048 0.000016 0.000039 0.000016 0.000017 
289 1 0.000028 0.000052 0.000089 0.000048 0.000016 0.000039 0.000016 0.000017 
290 0 0.000028 0.000052 0.000089 0.000048 0.000016 0.000039 0.000016 0.000017 
291 1 0.000028 0.000052 0.000089 0.000048 0.000016 0.000039 0.000016 0.000017 
292 0 0.000028 0.000052 0.000089 0.000048 0.000016 0.000039 0.000016 0.000017 
293 0 0.000028 0.000052 0.000089 0.000048 0.000016 0.000039 0.000016 0.000017 
294 0 0.000028 0.000052 0.000089 0.000048 0.000016 0.000039 0.000016 0.000017 
295 0 0.000028 0.000052 0.000089 0.000048 0.000016 0.000039 0.000016 0.000017 
296 1 0.000028 0.000052 0.000089 0.000048 0.000016 0.000039 0.000016 0.000017 
297 0 0.000028 0.000052 0.000089 0.000048 0.000016 0.000039 0.000016 0.000017 
298 0 0.000028 0.000052 0.000089 0.000048 0.000016 0.000039 0.000016 0.000017 
