299 2 7 
0 1 0.000960 0.000997 0.001023 0.001015 0.001020 0.001019 0.000952 
1 1 0.000962 0.000999 0.001025 0.001017 0.001022 0.001021 0.000954 
2 0 0.000963 0.000999 0.001025 0.001017 0.001023 0.001021 0.000955 
3 0 0.000963 0.000999 0.001025 0.001017 0.001023 0.001021 0.000955 
4 1 0.000960 0.000996 0.001022 0.001014 0.001020 0.001019 0.000952 
5 0 0.000961 0.000998 0.001024 0.001016 0.001021 0.001020 0.000953 
6 1 0.000961 0.000997 0.001023 0.001015 0.001021 0.001019 0.000953 
7 0 0.000961 0.000998 0.001024 0.001016 0.001021 0.001020 0.000953 
8 0 0.000961 0.000998 0.001024 0.001016 0.001021 0.001020 0.000953 
9 0 0.000960 0.000997 0.001023 0.001015 0.001020 0.001019 0.000952 
10 0 0.000963 0.000999 0.001025 0.001017 0.001023 0.001021 0.000955 
11 0 0.000960 0.000997 0.001023 0.001015 0.001020 0.001019 0.000952 
12 0 0.000962 0.000998 0.001024 0.001016 0.001022 0.001020 0.000954 
13 0 0.000960 0.000997 0.001023 0.001015 0.001020 0.001019 0.000952 
14 0 0.000962 0.000998 0.001024 0.001016 0.001022 0.001021 0.000954 
15 0 0.000959 0.000996 0.001021 0.001013 0.001019 0.001018 0.000951 
16 1 0.000961 0.000997 0.001023 0.001015 0.001021 0.001019 0.000953 
17 1 0.000961 0.000998 0.001024 0.001015 0.001021 0.001020 0.000953 
18 0 0.000960 0.000997 0.001023 0.001015 0.001020 0.001019 0.000952 
19 0 0.000960 0.000997 0.001023 0.001015 0.001020 0.001019 0.000952 
20 0 0.000963 0.000999 0.001025 0.001017 0.001023 0.001021 0.000955 
21 0 0.000962 0.000999 0.001025 0.001017 0.001022 0.001021 0.000954 
22 1 0.000961 0.000997 0.001023 0.001015 0.001021 0.001019 0.000953 
23 1 0.000961 0.000997 0.001023 0.001015 0.001021 0.001020 0.000953 
24 1 0.000962 0.000998 0.001024 0.001016 0.001022 0.001020 0.000954 
25 0 0.000961 0.000997 0.001023 0.001015 0.001021 0.001019 0.000953 
26 0 0.000961 0.000997 0.001023 0.001015 0.001021 0.001020 0.000953 
27 0 0.000962 0.000999 0.001025 0.001017 0.001022 0.001021 0.000954 
28 1 0.000960 0.000996 0.001022 0.001014 0.001019 0.001018 0.000952 
29 0 0.000962 0.000998 0.001024 0.001016 0.001022 0.001020 0.000954 
30 0 0.000961 0.000997 0.001023 0.001015 0.001021 0.001019 0.000953 
31 0 0.000960 0.000996 0.001022 0.001014 0.001020 0.001019 0.000952 
32 0 0.000960 0.000997 0.001023 0.001015 0.001020 0.001019 0.000952 
33 0 0.000960 0.000997 0.001023 0.001015 0.001020 0.001019 0.000952 
34 0 0.000960 0.000996 0.001022 0.001014 0.001020 0.001019 0.000952 
35 1 0.000961 0.000998 0.001024 0.001016 0.001021 0.001020 0.000953 
36 0 0.000961 0.000998 0.001024 0.001016 0.001021 0.001020 0.000953 
37 1 0.000961 0.000997 0.001023 0.001015 0.001021 0.001019 0.000953 
38 1 0.000961 0.000997 0.001023 0.001015 0.001021 0.001020 0.000953 
39 1 0.000961 0.000998 0.001023 0.001015 0.001021 0.001020 0.000953 
40 0 0.000960 0.000997 0.001023 0.001015 0.001020 0.001019 0.000952 
41 0 0.000960 0.000997 0.001023 0.001015 0.001020 0.001019 0.000952 
42 0 0.000960 0.000997 0.001023 0.001015 0.001020 0.001019 0.000952 
43 1 0.000961 0.000998 0.001024 0.001016 0.001021 0.001020 0.000953 
44 0 0.000961 0.000998 0.001024 0.001016 0.001021 0.001020 0.000953 
45 0 0.000962 0.000999 0.001025 0.001017 0.001022 0.001021 0.000954 
46 0 0.000961 0.000997 0.001023 0.001015 0.001021 0.001020 0.000953 
47 0 0.000960 0.000997 0.001023 0.001015 0.001020 0.001019 0.000952 
48 0 0.000959 0.000996 0.001021 0.001013 0.001019 0.001018 0.000951 
49 0 0.000962 0.000998 0.001024 0.001016 0.001022 0.001020 0.000954 
50 0 0.000963 0.000999 0.001025 0.001017 0.001023 0.001022 0.000955 
51 1 0.000962 0.000998 0.001024 0.001016 0.001022 0.001020 0.000954 
52 0 0.000960 0.000997 0.001023 0.001015 0.001020 0.001019 0.000952 
53 1 0.000961 0.000997 0.001023 0.001015 0.001021 0.001020 0.000953 
54 0 0.000962 0.000998 0.001024 0.001016 0.001022 0.001020 0.000954 
55 0 0.000962 0.000999 0.001025 0.001017 0.001022 0.001021 0.000954 
56 1 0.000960 0.000996 0.001022 0.001014 0.001020 0.001019 0.000952 
57 0 0.000960 0.000997 0.001023 0.001015 0.001020 0.001019 0.000952 
58 1 0.000962 0.000998 0.001024 0.001016 0.001022 0.001020 0.000953 
59 0 0.000960 0.000997 0.001023 0.001015 0.001020 0.001019 0.000952 
60 0 0.000960 0.000997 0.001023 0.001015 0.001020 0.001019 0.000952 
61 0 0.000962 0.000998 0.001024 0.001016 0.001022 0.001020 0.000954 
62 1 0.000961 0.000998 0.001024 0.001016 0.001021 0.001020 0.000953 
63 1 0.000961 0.000998 0.001024 0.001016 0.001021 0.001020 0.000953 
64 0 0.000961 0.000997 0.001023 0.001015 0.001020 0.001019 0.000952 
65 0 0.000960 0.000997 0.001023 0.001015 0.001020 0.001019 0.000952 
66 0 0.000960 0.000997 0.001023 0.001015 0.001020 0.001019 0.000952 
67 0 0.000962 0.000999 0.001025 0.001017 0.001022 0.001021 0.000954 
68 0 0.000960 0.000997 0.001023 0.001015 0.001020 0.001019 0.000952 
69 0 0.000962 0.000999 0.001025 0.001017 0.001022 0.001021 0.000954 
70 1 0.000960 0.000996 0.001022 0.001014 0.001019 0.001018 0.000952 
71 0 0.000960 0.000996 0.001022 0.001014 0.001020 0.001019 0.000952 
72 0 0.000960 0.000997 0.001023 0.001015 0.001020 0.001019 0.000952 
73 1 0.000961 0.000997 0.001023 0.001015 0.001020 0.001019 0.000952 
74 0 0.000961 0.000997 0.001023 0.001015 0.001021 0.001019 0.000953 
75 0 0.000962 0.000998 0.001024 0.001016 0.001022 0.001021 0.000954 
76 0 0.000960 0.000997 0.001023 0.001015 0.001020 0.001019 0.000952 
77 0 0.000962 0.000998 0.001024 0.001016 0.001022 0.001020 0.000954 
78 0 0.000960 0.000996 0.001022 0.001014 0.001020 0.001019 0.000952 
79 0 0.000960 0.000996 0.001022 0.001014 0.001020 0.001018 0.000952 
80 1 0.000961 0.000998 0.001024 0.001016 0.001021 0.001020 0.000953 
81 1 0.000960 0.000997 0.001023 0.001015 0.001020 0.001019 0.000952 
82 0 0.000962 0.000999 0.001025 0.001017 0.001022 0.001021 0.000954 
83 0 0.000960 0.000997 0.001023 0.001015 0.001020 0.001019 0.000952 
84 0 0.000960 0.000997 0.001023 0.001015 0.001020 0.001019 0.000952 
85 1 0.000961 0.000998 0.001023 0.001015 0.001021 0.001020 0.000953 
86 0 0.000961 0.000997 0.001023 0.001015 0.001020 0.001019 0.000952 
87 1 0.000961 0.000997 0.001023 0.001015 0.001021 0.001019 0.000953 
88 1 0.000960 0.000996 0.001022 0.001014 0.001019 0.001018 0.000952 
89 1 0.000960 0.000997 0.001023 0.001015 0.001020 0.001019 0.000952 
90 1 0.000961 0.000997 0.001023 0.001015 0.001021 0.001019 0.000953 
91 0 0.000959 0.000996 0.001021 0.001013 0.001019 0.001018 0.000951 
92 1 0.000961 0.000997 0.001023 0.001015 0.001021 0.001019 0.000953 
93 0 0.000961 0.000998 0.001024 0.001016 0.001021 0.001020 0.000953 
94 1 0.000961 0.000998 0.001024 0.001016 0.001021 0.001020 0.000953 
95 1 0.000960 0.000996 0.001022 0.001014 0.001020 0.001019 0.000952 
96 0 0.000961 0.000997 0.001023 0.001015 0.001020 0.001019 0.000952 
97 0 0.000960 0.000997 0.001023 0.001015 0.001020 0.001019 0.000952 
98 0 0.000961 0.000997 0.001023 0.001015 0.001021 0.001020 0.000953 
99 1 0.000960 0.000997 0.001023 0.001015 0.001020 0.001019 0.000952 
100 1 0.000961 0.000997 0.001023 0.001015 0.001021 0.001019 0.000953 
101 0 0.000960 0.000997 0.001023 0.001015 0.001020 0.001019 0.000952 
102 0 0.000960 0.000997 0.001023 0.001015 0.001020 0.001019 0.000952 
103 1 0.000961 0.000998 0.001024 0.001016 0.001021 0.001020 0.000953 
104 0 0.000960 0.000997 0.001023 0.001015 0.001020 0.001019 0.000952 
105 0 0.000961 0.000998 0.001024 0.001016 0.001021 0.001020 0.000953 
106 0 0.000960 0.000997 0.001023 0.001015 0.001020 0.001019 0.000952 
107 0 0.000960 0.000996 0.001022 0.001014 0.001020 0.001019 0.000952 
108 1 0.000960 0.000997 0.001023 0.001015 0.001020 0.001019 0.000952 
109 1 0.000961 0.000997 0.001023 0.001015 0.001021 0.001019 0.000953 
110 0 0.000961 0.000998 0.001024 0.001016 0.001021 0.001020 0.000953 
111 0 0.000962 0.000999 0.001025 0.001017 0.001022 0.001021 0.000954 
112 0 0.000960 0.000997 0.001023 0.001015 0.001020 0.001019 0.000952 
113 0 0.000962 0.000999 0.001025 0.001017 0.001022 0.001021 0.000954 
114 0 0.000962 0.000999 0.001025 0.001017 0.001022 0.001021 0.000954 
115 0 0.000963 0.000999 0.001025 0.001017 0.001023 0.001021 0.000955 
116 0 0.000961 0.000998 0.001024 0.001016 0.001021 0.001020 0.000953 
117 1 0.000960 0.000997 0.001023 0.001015 0.001020 0.001019 0.000952 
118 0 0.000960 0.000997 0.001023 0.001015 0.001020 0.001019 0.000952 
119 0 0.000960 0.000997 0.001023 0.001015 0.001020 0.001019 0.000952 
120 0 0.000960 0.000997 0.001023 0.001015 0.001020 0.001019 0.000952 
121 0 0.000960 0.000997 0.001023 0.001015 0.001020 0.001019 0.000952 
122 1 0.000960 0.000997 0.001023 0.001015 0.001020 0.001019 0.000952 
123 1 0.000961 0.000998 0.001024 0.001016 0.001021 0.001020 0.000953 
124 0 0.000960 0.000997 0.001023 0.001015 0.001020 0.001019 0.000952 
125 0 0.000960 0.000997 0.001023 0.001015 0.001020 0.001019 0.000952 
126 1 0.000961 0.000997 0.001023 0.001015 0.001020 0.001019 0.000953 
127 0 0.000963 0.000999 0.001025 0.001017 0.001023 0.001022 0.000955 
128 0 0.000962 0.000998 0.001024 0.001016 0.001022 0.001021 0.000954 
129 0 0.000963 0.000999 0.001025 0.001017 0.001023 0.001021 0.000955 
130 0 0.000959 0.000996 0.001021 0.001013 0.001019 0.001018 0.000951 
131 1 0.000960 0.000997 0.001023 0.001015 0.001020 0.001019 0.000952 
132 0 0.000960 0.000997 0.001023 0.001015 0.001020 0.001019 0.000952 
133 0 0.000961 0.000998 0.001024 0.001016 0.001021 0.001020 0.000953 
134 0 0.000961 0.000998 0.001024 0.001016 0.001021 0.001020 0.000953 
135 1 0.000961 0.000997 0.001023 0.001015 0.001021 0.001020 0.000953 
136 1 0.000961 0.000998 0.001024 0.001016 0.001021 0.001020 0.000953 
137 1 0.000960 0.000996 0.001022 0.001014 0.001020 0.001019 0.000952 
138 1 0.000961 0.000997 0.001023 0.001015 0.001021 0.001019 0.000953 
139 0 0.000961 0.000998 0.001024 0.001016 0.001021 0.001020 0.000953 
140 0 0.000961 0.000997 0.001023 0.001015 0.001021 0.001019 0.000953 
141 1 0.000960 0.000997 0.001023 0.001015 0.001020 0.001019 0.000952 
142 1 0.000961 0.000998 0.001024 0.001016 0.001021 0.001020 0.000953 
143 1 0.000962 0.000998 0.001024 0.001016 0.001022 0.001020 0.000954 
144 0 0.000961 0.000998 0.001024 0.001016 0.001021 0.001020 0.000953 
145 0 0.000960 0.000996 0.001022 0.001014 0.001020 0.001019 0.000952 
146 1 0.000960 0.000996 0.001022 0.001014 0.001019 0.001018 0.000952 
147 1 0.000960 0.000997 0.001023 0.001015 0.001020 0.001019 0.000952 
148 1 0.000961 0.000997 0.001023 0.001015 0.001020 0.001019 0.000952 
149 0 0.000960 0.000997 0.001023 0.001015 0.001020 0.001019 0.000952 
150 0 0.000960 0.000997 0.001023 0.001015 0.001020 0.001019 0.000952 
151 0 0.000960 0.000997 0.001023 0.001015 0.001020 0.001019 0.000952 
152 0 0.000960 0.000997 0.001023 0.001015 0.001020 0.001019 0.000952 
153 1 0.000961 0.000997 0.001023 0.001015 0.001021 0.001019 0.000953 
154 1 0.000960 0.000997 0.001023 0.001015 0.001020 0.001019 0.000952 
155 1 0.000960 0.000996 0.001022 0.001014 0.001019 0.001018 0.000952 
156 0 0.000962 0.000998 0.001024 0.001016 0.001022 0.001020 0.000954 
157 0 0.000961 0.000997 0.001023 0.001015 0.001021 0.001019 0.000953 
158 0 0.000962 0.000998 0.001024 0.001016 0.001022 0.001021 0.000954 
159 0 0.000960 0.000997 0.001023 0.001015 0.001020 0.001019 0.000952 
160 1 0.000960 0.000997 0.001023 0.001015 0.001020 0.001019 0.000952 
161 1 0.000962 0.000998 0.001024 0.001016 0.001022 0.001021 0.000954 
162 0 0.000960 0.000997 0.001023 0.001015 0.001020 0.001019 0.000952 
163 0 0.000960 0.000997 0.001023 0.001015 0.001020 0.001019 0.000952 
164 1 0.000961 0.000997 0.001023 0.001015 0.001021 0.001019 0.000953 
165 0 0.000960 0.000997 0.001023 0.001015 0.001020 0.001019 0.000952 
166 0 0.000960 0.000997 0.001023 0.001015 0.001020 0.001019 0.000952 
167 1 0.000961 0.000998 0.001024 0.001015 0.001021 0.001020 0.000953 
168 1 0.000961 0.000998 0.001024 0.001016 0.001021 0.001020 0.000953 
169 0 0.000961 0.000997 0.001023 0.001015 0.001020 0.001019 0.000952 
170 0 0.000960 0.000997 0.001023 0.001015 0.001020 0.001019 0.000952 
171 0 0.000961 0.000997 0.001023 0.001015 0.001021 0.001019 0.000953 
172 0 0.000962 0.000998 0.001024 0.001016 0.001022 0.001020 0.000954 
173 0 0.000963 0.000999 0.001025 0.001017 0.001023 0.001021 0.000955 
174 0 0.000961 0.000997 0.001023 0.001015 0.001021 0.001020 0.000953 
175 0 0.000961 0.000998 0.001023 0.001015 0.001021 0.001020 0.000953 
176 0 0.000960 0.000997 0.001023 0.001015 0.001020 0.001019 0.000952 
177 0 0.000962 0.000998 0.001024 0.001016 0.001022 0.001020 0.000954 
178 0 0.000960 0.000997 0.001023 0.001015 0.001020 0.001019 0.000952 
179 1 0.000961 0.000997 0.001023 0.001015 0.001021 0.001019 0.000953 
180 0 0.000960 0.000997 0.001023 0.001015 0.001020 0.001019 0.000952 
181 0 0.000962 0.000999 0.001025 0.001017 0.001022 0.001021 0.000954 
182 1 0.000961 0.000997 0.001023 0.001015 0.001021 0.001019 0.000953 
183 1 0.000960 0.000997 0.001023 0.001015 0.001020 0.001019 0.000952 
184 0 0.000962 0.000999 0.001025 0.001017 0.001022 0.001021 0.000954 
185 0 0.000960 0.000997 0.001023 0.001015 0.001020 0.001019 0.000952 
186 0 0.000960 0.000997 0.001023 0.001015 0.001020 0.001019 0.000952 
187 0 0.000960 0.000997 0.001023 0.001015 0.001020 0.001019 0.000952 
188 1 0.000961 0.000997 0.001023 0.001015 0.001020 0.001019 0.000953 
189 0 0.000962 0.000999 0.001025 0.001017 0.001022 0.001021 0.000954 
190 0 0.000962 0.000999 0.001025 0.001017 0.001022 0.001021 0.000954 
191 0 0.000960 0.000997 0.001023 0.001015 0.001020 0.001019 0.000952 
192 0 0.000961 0.000997 0.001023 0.001015 0.001021 0.001020 0.000953 
193 0 0.000959 0.000996 0.001021 0.001013 0.001019 0.001018 0.000951 
194 0 0.000960 0.000997 0.001023 0.001015 0.001020 0.001019 0.000952 
195 0 0.000960 0.000997 0.001023 0.001015 0.001020 0.001019 0.000952 
196 0 0.000960 0.000997 0.001023 0.001015 0.001020 0.001019 0.000952 
197 0 0.000961 0.000997 0.001023 0.001015 0.001020 0.001019 0.000952 
198 0 0.000960 0.000997 0.001023 0.001015 0.001020 0.001019 0.000952 
199 1 0.000962 0.000999 0.001025 0.001017 0.001022 0.001021 0.000954 
200 1 0.000960 0.000997 0.001023 0.001015 0.001020 0.001019 0.000952 
201 1 0.000961 0.000997 0.001023 0.001015 0.001021 0.001019 0.000953 
202 1 0.000961 0.000997 0.001023 0.001015 0.001021 0.001020 0.000953 
203 0 0.000962 0.000998 0.001024 0.001016 0.001022 0.001020 0.000954 
204 1 0.000961 0.000998 0.001024 0.001016 0.001021 0.001020 0.000953 
205 1 0.000961 0.000997 0.001023 0.001015 0.001021 0.001019 0.000953 
206 0 0.000962 0.000999 0.001025 0.001017 0.001022 0.001021 0.000954 
207 1 0.000960 0.000997 0.001023 0.001015 0.001020 0.001019 0.000952 
208 0 0.000960 0.000997 0.001023 0.001015 0.001020 0.001019 0.000952 
209 0 0.000960 0.000997 0.001023 0.001015 0.001020 0.001019 0.000952 
210 0 0.000960 0.000997 0.001023 0.001015 0.001020 0.001019 0.000952 
211 0 0.000963 0.000999 0.001025 0.001017 0.001023 0.001021 0.000955 
212 0 0.000962 0.000998 0.001024 0.001016 0.001022 0.001021 0.000954 
213 1 0.000962 0.000998 0.001024 0.001016 0.001022 0.001020 0.000953 
214 0 0.000962 0.000999 0.001025 0.001017 0.001022 0.001021 0.000954 
215 0 0.000961 0.000997 0.001023 0.001015 0.001021 0.001019 0.000953 
216 0 0.000960 0.000997 0.001023 0.001015 0.001020 0.001019 0.000952 
217 0 0.000962 0.000998 0.001024 0.001016 0.001022 0.001020 0.000954 
218 0 0.000961 0.000997 0.001023 0.001015 0.001020 0.001019 0.000953 
219 0 0.000962 0.000999 0.001025 0.001017 0.001022 0.001021 0.000954 
220 0 0.000961 0.000997 0.001023 0.001015 0.001021 0.001020 0.000953 
221 0 0.000962 0.000999 0.001025 0.001017 0.001022 0.001021 0.000954 
222 0 0.000960 0.000997 0.001023 0.001015 0.001020 0.001019 0.000952 
223 0 0.000961 0.000998 0.001024 0.001016 0.001021 0.001020 0.000953 
224 0 0.000960 0.000997 0.001023 0.001015 0.001020 0.001019 0.000952 
225 1 0.000961 0.000997 0.001023 0.001015 0.001021 0.001020 0.000953 
226 0 0.000960 0.000997 0.001023 0.001015 0.001020 0.001019 0.000952 
227 0 0.000960 0.000997 0.001023 0.001015 0.001020 0.001019 0.000952 
228 0 0.000960 0.000997 0.001023 0.001015 0.001020 0.001019 0.000952 
229 0 0.000960 0.000996 0.001022 0.001014 0.001020 0.001019 0.000952 
230 0 0.000962 0.000999 0.001025 0.001017 0.001022 0.001021 0.000954 
231 0 0.000962 0.000998 0.001024 0.001016 0.001022 0.001020 0.000954 
232 1 0.000961 0.000998 0.001024 0.001015 0.001021 0.001020 0.000953 
233 0 0.000961 0.000997 0.001023 0.001015 0.001021 0.001019 0.000953 
234 0 0.000962 0.000998 0.001024 0.001016 0.001022 0.001020 0.000954 
235 0 0.000962 0.000998 0.001024 0.001016 0.001022 0.001020 0.000954 
236 1 0.000960 0.000997 0.001023 0.001015 0.001020 0.001019 0.000952 
237 0 0.000962 0.000999 0.001025 0.001017 0.001022 0.001021 0.000954 
238 0 0.000963 0.000999 0.001025 0.001017 0.001023 0.001021 0.000955 
239 0 0.000960 0.000997 0.001023 0.001015 0.001020 0.001019 0.000952 
240 0 0.000959 0.000996 0.001021 0.001013 0.001019 0.001018 0.000951 
241 0 0.000960 0.000997 0.001023 0.001015 0.001020 0.001019 0.000952 
242 1 0.000962 0.000998 0.001024 0.001016 0.001022 0.001020 0.000954 
243 0 0.000962 0.000999 0.001025 0.001017 0.001022 0.001021 0.000954 
244 1 0.000964 0.001001 0.001027 0.001019 0.001025 0.001024 0.000956 
245 1 0.000960 0.000997 0.001023 0.001014 0.001020 0.001019 0.000952 
246 1 0.000960 0.000997 0.001023 0.001015 0.001020 0.001019 0.000952 
247 0 0.000962 0.000998 0.001024 0.001016 0.001022 0.001020 0.000954 
248 0 0.000961 0.000997 0.001023 0.001015 0.001021 0.001019 0.000953 
249 0 0.000961 0.000997 0.001023 0.001015 0.001021 0.001019 0.000953 
250 0 0.000961 0.000998 0.001024 0.001016 0.001021 0.001020 0.000953 
251 0 0.000960 0.000997 0.001023 0.001015 0.001020 0.001019 0.000952 
252 0 0.000960 0.000997 0.001023 0.001015 0.001020 0.001019 0.000952 
253 0 0.000961 0.000997 0.001023 0.001015 0.001020 0.001019 0.000952 
254 0 0.000962 0.000998 0.001024 0.001016 0.001022 0.001020 0.000954 
255 1 0.000961 0.000997 0.001023 0.001015 0.001021 0.001019 0.000953 
256 1 0.000965 0.001001 0.001028 0.001019 0.001025 0.001024 0.000957 
257 0 0.000963 0.000999 0.001025 0.001017 0.001023 0.001021 0.000955 
258 0 0.000962 0.000999 0.001025 0.001017 0.001022 0.001021 0.000954 
259 1 0.000961 0.000997 0.001023 0.001015 0.001021 0.001020 0.000953 
260 1 0.000960 0.000996 0.001022 0.001014 0.001020 0.001019 0.000952 
261 0 0.000963 0.000999 0.001025 0.001017 0.001023 0.001021 0.000955 
262 0 0.000962 0.000999 0.001025 0.001017 0.001022 0.001021 0.000954 
263 1 0.000961 0.000997 0.001023 0.001015 0.001021 0.001019 0.000953 
264 0 0.000962 0.000998 0.001024 0.001016 0.001022 0.001021 0.000954 
265 0 0.000961 0.000997 0.001023 0.001015 0.001021 0.001019 0.000953 
266 1 0.000961 0.000998 0.001024 0.001016 0.001021 0.001020 0.000953 
267 1 0.000961 0.000997 0.001023 0.001015 0.001021 0.001019 0.000953 
268 0 0.000963 0.000999 0.001025 0.001017 0.001023 0.001021 0.000955 
269 0 0.000963 0.000999 0.001025 0.001017 0.001023 0.001021 0.000955 
270 1 0.000961 0.000998 0.001024 0.001016 0.001021 0.001020 0.000953 
271 0 0.000960 0.000997 0.001023 0.001015 0.001020 0.001019 0.000952 
272 1 0.000961 0.000998 0.001024 0.001016 0.001021 0.001020 0.000953 
273 0 0.000961 0.000998 0.001024 0.001016 0.001021 0.001020 0.000953 
274 0 0.000963 0.000999 0.001025 0.001017 0.001023 0.001021 0.000955 
275 0 0.000960 0.000997 0.001023 0.001015 0.001020 0.001019 0.000952 
276 0 0.000962 0.000998 0.001024 0.001016 0.001022 0.001020 0.000954 
277 0 0.000960 0.000997 0.001023 0.001015 0.001020 0.001019 0.000952 
278 1 0.000960 0.000996 0.001022 0.001014 0.001019 0.001018 0.000952 
279 1 0.000961 0.000998 0.001024 0.001016 0.001021 0.001020 0.000953 
280 0 0.000963 0.000999 0.001025 0.001017 0.001023 0.001021 0.000955 
281 1 0.000961 0.000998 0.001024 0.001016 0.001021 0.001020 0.000953 
282 1 0.000961 0.000997 0.001023 0.001015 0.001021 0.001019 0.000953 
283 1 0.000960 0.000997 0.001023 0.001015 0.001020 0.001019 0.000952 
284 1 0.000961 0.000997 0.001023 0.001015 0.001021 0.001019 0.000953 
285 1 0.000960 0.000996 0.001022 0.001014 0.001020 0.001019 0.000952 
286 0 0.000960 0.000997 0.001023 0.001015 0.001020 0.001019 0.000952 
287 0 0.000961 0.000998 0.001024 0.001016 0.001021 0.001020 0.000953 
288 0 0.000960 0.000997 0.001023 0.001015 0.001020 0.001019 0.000952 
289 1 0.000963 0.000999 0.001025 0.001017 0.001023 0.001022 0.000955 
290 0 0.000960 0.000997 0.001023 0.001015 0.001020 0.001019 0.000952 
291 1 0.000960 0.000997 0.001023 0.001015 0.001020 0.001019 0.000952 
292 0 0.000961 0.000998 0.001024 0.001016 0.001021 0.001020 0.000953 
293 0 0.000960 0.000997 0.001023 0.001015 0.001020 0.001019 0.000952 
294 0 0.000960 0.000997 0.001023 0.001015 0.001020 0.001019 0.000952 
295 0 0.000961 0.000998 0.001024 0.001016 0.001021 0.001020 0.000953 
296 1 0.000963 0.000999 0.001025 0.001017 0.001023 0.001022 0.000955 
297 0 0.000962 0.000999 0.001025 0.001017 0.001022 0.001021 0.000954 
298 0 0.000960 0.000997 0.001023 0.001015 0.001020 0.001019 0.000952 
