299 2 5 
0 0 0.000000 0.000000 0.000000 0.000000 0.000000 
1 0 0.000000 0.000000 0.000000 0.000000 0.000000 
2 0 0.000000 0.000000 0.000000 0.000000 0.000000 
3 0 0.000000 0.000000 0.000000 0.000000 0.000000 
4 1 0.000000 0.000000 0.000000 0.000000 0.000000 
5 0 0.000000 0.000000 0.000000 0.000000 0.000000 
6 0 0.000000 0.000000 0.000000 0.000000 0.000000 
7 0 0.000000 0.000000 0.000000 0.000000 0.000000 
8 1 0.000000 0.000000 0.000000 0.000000 0.000000 
9 0 0.000000 0.000000 0.000000 0.000000 0.000000 
10 1 0.000000 0.000000 0.000000 0.000000 0.000000 
11 1 0.000000 0.000000 0.000000 0.000000 0.000000 
12 0 0.000000 0.000000 0.000000 0.000000 0.000000 
13 1 0.000000 0.000000 0.000000 0.000000 0.000000 
14 1 0.000000 0.000000 0.000000 0.000000 0.000000 
15 0 0.000000 0.000000 0.000000 0.000000 0.000000 
16 0 0.000000 0.000000 0.000000 0.000000 0.000000 
17 0 0.000000 0.000000 0.000000 0.000000 0.000000 
18 0 0.000000 0.000000 0.000000 0.000000 0.000000 
19 0 0.000000 0.000000 0.000000 0.000000 0.000000 
20 0 0.000000 0.000000 0.000000 0.000000 0.000000 
21 0 0.000000 0.000000 0.000000 0.000000 0.000000 
22 0 0.000000 0.000000 0.000000 0.000000 0.000000 
23 1 0.000000 0.000000 0.000000 0.000000 0.000000 
24 1 0.000000 0.000000 0.000000 0.000000 0.000000 
25 1 0.000000 0.000000 0.000000 0.000000 0.000000 
26 0 0.000000 0.000000 0.000000 0.000000 0.000000 
27 1 0.000000 0.000000 0.000000 0.000000 0.000000 
28 0 0.000000 0.000000 0.000000 0.000000 0.000000 
29 0 0.000000 0.000000 0.000000 0.000000 0.000000 
30 0 0.000000 0.000000 0.000000 0.000000 0.000000 
31 0 0.000000 0.000000 0.000000 0.000000 0.000000 
32 0 0.000000 0.000000 0.000000 0.000000 0.000000 
33 0 0.000000 0.000000 0.000000 0.000000 0.000000 
34 0 0.000000 0.000000 0.000000 0.000000 0.000000 
35 0 0.000000 0.000000 0.000000 0.000000 0.000000 
36 0 0.000000 0.000000 0.000000 0.000000 0.000000 
37 1 0.000000 0.000000 0.000000 0.000000 0.000000 
38 0 0.000000 0.000000 0.000000 0.000000 0.000000 
39 0 0.000000 0.000000 0.000000 0.000000 0.000000 
40 1 0.000000 0.000000 0.000000 0.000000 0.000000 
41 0 0.000000 0.000000 0.000000 0.000000 0.000000 
42 0 0.000000 0.000000 0.000000 0.000000 0.000000 
43 0 0.000000 0.000000 0.000000 0.000000 0.000000 
44 0 0.000000 0.000000 0.000000 0.000000 0.000000 
45 0 0.000000 0.000000 0.000000 0.000000 0.000000 
46 0 0.000000 0.000000 0.000000 0.000000 0.000000 
47 1 0.000000 0.000000 0.000000 0.000000 0.000000 
48 0 0.000000 0.000000 0.000000 0.000000 0.000000 
49 0 0.000000 0.000000 0.000000 0.000000 0.000000 
50 0 0.000000 0.000000 0.000000 0.000000 0.000000 
51 1 0.000000 0.000000 0.000000 0.000000 0.000000 
52 1 0.000000 0.000000 0.000000 0.000000 0.000000 
53 0 0.000000 0.000000 0.000000 0.000000 0.000000 
54 0 0.000000 0.000000 0.000000 0.000000 0.000000 
55 0 0.000000 0.000000 0.000000 0.000000 0.000000 
56 0 0.000000 0.000000 0.000000 0.000000 0.000000 
57 1 0.000000 0.000000 0.000000 0.000000 0.000000 
58 0 0.000000 0.000000 0.000000 0.000000 0.000000 
59 0 0.000000 0.000000 0.000000 0.000000 0.000000 
60 1 0.000000 0.000000 0.000000 0.000000 0.000000 
61 0 0.000000 0.000000 0.000000 0.000000 0.000000 
62 0 0.000000 0.000000 0.000000 0.000000 0.000000 
63 0 0.000000 0.000000 0.000000 0.000000 0.000000 
64 0 0.000000 0.000000 0.000000 0.000000 0.000000 
65 0 0.000000 0.000000 0.000000 0.000000 0.000000 
66 0 0.000000 0.000000 0.000000 0.000000 0.000000 
67 0 0.000000 0.000000 0.000000 0.000000 0.000000 
68 1 0.000000 0.000000 0.000000 0.000000 0.000000 
69 0 0.000000 0.000000 0.000000 0.000000 0.000000 
70 0 0.000000 0.000000 0.000000 0.000000 0.000000 
71 0 0.000000 0.000000 0.000000 0.000000 0.000000 
72 0 0.000000 0.000000 0.000000 0.000000 0.000000 
73 0 0.000000 0.000000 0.000000 0.000000 0.000000 
74 1 0.000000 0.000000 0.000000 0.000000 0.000000 
75 0 0.000000 0.000000 0.000000 0.000000 0.000000 
76 0 0.000000 0.000000 0.000000 0.000000 0.000000 
77 0 0.000000 0.000000 0.000000 0.000000 0.000000 
78 0 0.000000 0.000000 0.000000 0.000000 0.000000 
79 0 0.000000 0.000000 0.000000 0.000000 0.000000 
80 1 0.000000 0.000000 0.000000 0.000000 0.000000 
81 0 0.000000 0.000000 0.000000 0.000000 0.000000 
82 0 0.000000 0.000000 0.000000 0.000000 0.000000 
83 0 0.000000 0.000000 0.000000 0.000000 0.000000 
84 0 0.000000 0.000000 0.000000 0.000000 0.000000 
85 0 0.000000 0.000000 0.000000 0.000000 0.000000 
86 0 0.000000 0.000000 0.000000 0.000000 0.000000 
87 0 0.000000 0.000000 0.000000 0.000000 0.000000 
88 1 0.000000 0.000000 0.000000 0.000000 0.000000 
89 0 0.000000 0.000000 0.000000 0.000000 0.000000 
90 0 0.000000 0.000000 0.000000 0.000000 0.000000 
91 0 0.000000 0.000000 0.000000 0.000000 0.000000 
92 1 0.000000 0.000000 0.000000 0.000000 0.000000 
93 1 0.000000 0.000000 0.000000 0.000000 0.000000 
94 0 0.000000 0.000000 0.000000 0.000000 0.000000 
95 0 0.000000 0.000000 0.000000 0.000000 0.000000 
96 0 0.000000 0.000000 0.000000 0.000000 0.000000 
97 0 0.000000 0.000000 0.000000 0.000000 0.000000 
98 0 0.000000 0.000000 0.000000 0.000000 0.000000 
99 1 0.000000 0.000000 0.000000 0.000000 0.000000 
100 0 0.000000 0.000000 0.000000 0.000000 0.000000 
101 0 0.000000 0.000000 0.000000 0.000000 0.000000 
102 1 0.000000 0.000000 0.000000 0.000000 0.000000 
103 0 0.000000 0.000000 0.000000 0.000000 0.000000 
104 0 0.000000 0.000000 0.000000 0.000000 0.000000 
105 0 0.000000 0.000000 0.000000 0.000000 0.000000 
106 0 0.000000 0.000000 0.000000 0.000000 0.000000 
107 0 0.000000 0.000000 0.000000 0.000000 0.000000 
108 0 0.000000 0.000000 0.000000 0.000000 0.000000 
109 1 0.000000 0.000000 0.000000 0.000000 0.000000 
110 0 0.000000 0.000000 0.000000 0.000000 0.000000 
111 0 0.000000 0.000000 0.000000 0.000000 0.000000 
112 1 0.000000 0.000000 0.000000 0.000000 0.000000 
113 1 0.000000 0.000000 0.000000 0.000000 0.000000 
114 0 0.000000 0.000000 0.000000 0.000000 0.000000 
115 0 0.000000 0.000000 0.000000 0.000000 0.000000 
116 1 0.000000 0.000000 0.000000 0.000000 0.000000 
117 1 0.000000 0.000000 0.000000 0.000000 0.000000 
118 0 0.000000 0.000000 0.000000 0.000000 0.000000 
119 1 0.000000 0.000000 0.000000 0.000000 0.000000 
120 0 0.000000 0.000000 0.000000 0.000000 0.000000 
121 0 0.000000 0.000000 0.000000 0.000000 0.000000 
122 0 0.000000 0.000000 0.000000 0.000000 0.000000 
123 1 0.000000 0.000000 0.000000 0.000000 0.000000 
124 1 0.000000 0.000000 0.000000 0.000000 0.000000 
125 1 0.000000 0.000000 0.000000 0.000000 0.000000 
126 0 0.000000 0.000000 0.000000 0.000000 0.000000 
127 0 0.000000 0.000000 0.000000 0.000000 0.000000 
128 0 0.000000 0.000000 0.000000 0.000000 0.000000 
129 0 0.000000 0.000000 0.000000 0.000000 0.000000 
130 0 0.000000 0.000000 0.000000 0.000000 0.000000 
131 0 0.000000 0.000000 0.000000 0.000000 0.000000 
132 0 0.000000 0.000000 0.000000 0.000000 0.000000 
133 0 0.000000 0.000000 0.000000 0.000000 0.000000 
134 1 0.000000 0.000000 0.000000 0.000000 0.000000 
135 0 0.000000 0.000000 0.000000 0.000000 0.000000 
136 1 0.000000 0.000000 0.000000 0.000000 0.000000 
137 0 0.000000 0.000000 0.000000 0.000000 0.000000 
138 0 0.000000 0.000000 0.000000 0.000000 0.000000 
139 0 0.000000 0.000000 0.000000 0.000000 0.000000 
140 0 0.000000 0.000000 0.000000 0.000000 0.000000 
141 1 0.000000 0.000000 0.000000 0.000000 0.000000 
142 0 0.000000 0.000000 0.000000 0.000000 0.000000 
143 0 0.000000 0.000000 0.000000 0.000000 0.000000 
144 0 0.000000 0.000000 0.000000 0.000000 0.000000 
145 0 0.000000 0.000000 0.000000 0.000000 0.000000 
146 1 0.000000 0.000000 0.000000 0.000000 0.000000 
147 1 0.000000 0.000000 0.000000 0.000000 0.000000 
148 1 0.000000 0.000000 0.000000 0.000000 0.000000 
149 0 0.000000 0.000000 0.000000 0.000000 0.000000 
150 0 0.000000 0.000000 0.000000 0.000000 0.000000 
151 1 0.000000 0.000000 0.000000 0.000000 0.000000 
152 0 0.000000 0.000000 0.000000 0.000000 0.000000 
153 0 0.000000 0.000000 0.000000 0.000000 0.000000 
154 0 0.000000 0.000000 0.000000 0.000000 0.000000 
155 1 0.000000 0.000000 0.000000 0.000000 0.000000 
156 1 0.000000 0.000000 0.000000 0.000000 0.000000 
157 0 0.000000 0.000000 0.000000 0.000000 0.000000 
158 0 0.000000 0.000000 0.000000 0.000000 0.000000 
159 0 0.000000 0.000000 0.000000 0.000000 0.000000 
160 1 0.000000 0.000000 0.000000 0.000000 0.000000 
161 0 0.000000 0.000000 0.000000 0.000000 0.000000 
162 0 0.000000 0.000000 0.000000 0.000000 0.000000 
163 0 0.000000 0.000000 0.000000 0.000000 0.000000 
164 0 0.000000 0.000000 0.000000 0.000000 0.000000 
165 0 0.000000 0.000000 0.000000 0.000000 0.000000 
166 0 0.000000 0.000000 0.000000 0.000000 0.000000 
167 0 0.000000 0.000000 0.000000 0.000000 0.000000 
168 1 0.000000 0.000000 0.000000 0.000000 0.000000 
169 1 0.000000 0.000000 0.000000 0.000000 0.000000 
170 0 0.000000 0.000000 0.000000 0.000000 0.000000 
171 0 0.000000 0.000000 0.000000 0.000000 0.000000 
172 1 0.000000 0.000000 0.000000 0.000000 0.000000 
173 0 0.000000 0.000000 0.000000 0.000000 0.000000 
174 1 0.000000 0.000000 0.000000 0.000000 0.000000 
175 0 0.000000 0.000000 0.000000 0.000000 0.000000 
176 1 0.000000 0.000000 0.000000 0.000000 0.000000 
177 0 0.000000 0.000000 0.000000 0.000000 0.000000 
178 1 0.000000 0.000000 0.000000 0.000000 0.000000 
179 0 0.000000 0.000000 0.000000 0.000000 0.000000 
180 1 0.000000 0.000000 0.000000 0.000000 0.000000 
181 0 0.000000 0.000000 0.000000 0.000000 0.000000 
182 0 0.000000 0.000000 0.000000 0.000000 0.000000 
183 0 0.000000 0.000000 0.000000 0.000000 0.000000 
184 0 0.000000 0.000000 0.000000 0.000000 0.000000 
185 0 0.000000 0.000000 0.000000 0.000000 0.000000 
186 0 0.000000 0.000000 0.000000 0.000000 0.000000 
187 0 0.000000 0.000000 0.000000 0.000000 0.000000 
188 0 0.000000 0.000000 0.000000 0.000000 0.000000 
189 0 0.000000 0.000000 0.000000 0.000000 0.000000 
190 1 0.000000 0.000000 0.000000 0.000000 0.000000 
191 1 0.000000 0.000000 0.000000 0.000000 0.000000 
192 1 0.000000 0.000000 0.000000 0.000000 0.000000 
193 1 0.000000 0.000000 0.000000 0.000000 0.000000 
194 0 0.000000 0.000000 0.000000 0.000000 0.000000 
195 0 0.000000 0.000000 0.000000 0.000000 0.000000 
196 0 0.000000 0.000000 0.000000 0.000000 0.000000 
197 0 0.000000 0.000000 0.000000 0.000000 0.000000 
198 0 0.000000 0.000000 0.000000 0.000000 0.000000 
199 1 0.000000 0.000000 0.000000 0.000000 0.000000 
200 0 0.000000 0.000000 0.000000 0.000000 0.000000 
201 0 0.000000 0.000000 0.000000 0.000000 0.000000 
202 0 0.000000 0.000000 0.000000 0.000000 0.000000 
203 1 0.000000 0.000000 0.000000 0.000000 0.000000 
204 0 0.000000 0.000000 0.000000 0.000000 0.000000 
205 0 0.000000 0.000000 0.000000 0.000000 0.000000 
206 0 0.000000 0.000000 0.000000 0.000000 0.000000 
207 0 0.000000 0.000000 0.000000 0.000000 0.000000 
208 1 0.000000 0.000000 0.000000 0.000000 0.000000 
209 1 0.000000 0.000000 0.000000 0.000000 0.000000 
210 0 0.000000 0.000000 0.000000 0.000000 0.000000 
211 0 0.000000 0.000000 0.000000 0.000000 0.000000 
212 1 0.000000 0.000000 0.000000 0.000000 0.000000 
213 1 0.000000 0.000000 0.000000 0.000000 0.000000 
214 0 0.000000 0.000000 0.000000 0.000000 0.000000 
215 0 0.000000 0.000000 0.000000 0.000000 0.000000 
216 0 0.000000 0.000000 0.000000 0.000000 0.000000 
217 1 0.000000 0.000000 0.000000 0.000000 0.000000 
218 1 0.000000 0.000000 0.000000 0.000000 0.000000 
219 1 0.000000 0.000000 0.000000 0.000000 0.000000 
220 0 0.000000 0.000000 0.000000 0.000000 0.000000 
221 1 0.000000 0.000000 0.000000 0.000000 0.000000 
222 0 0.000000 0.000000 0.000000 0.000000 0.000000 
223 0 0.000000 0.000000 0.000000 0.000000 0.000000 
224 0 0.000000 0.000000 0.000000 0.000000 0.000000 
225 1 0.000000 0.000000 0.000000 0.000000 0.000000 
226 1 0.000000 0.000000 0.000000 0.000000 0.000000 
227 1 0.000000 0.000000 0.000000 0.000000 0.000000 
228 0 0.000000 0.000000 0.000000 0.000000 0.000000 
229 0 0.000000 0.000000 0.000000 0.000000 0.000000 
230 0 0.000000 0.000000 0.000000 0.000000 0.000000 
231 1 0.000000 0.000000 0.000000 0.000000 0.000000 
232 0 0.000000 0.000000 0.000000 0.000000 0.000000 
233 0 0.000000 0.000000 0.000000 0.000000 0.000000 
234 1 0.000000 0.000000 0.000000 0.000000 0.000000 
235 0 0.000000 0.000000 0.000000 0.000000 0.000000 
236 0 0.000000 0.000000 0.000000 0.000000 0.000000 
237 0 0.000000 0.000000 0.000000 0.000000 0.000000 
238 0 0.000000 0.000000 0.000000 0.000000 0.000000 
239 0 0.000000 0.000000 0.000000 0.000000 0.000000 
240 0 0.000000 0.000000 0.000000 0.000000 0.000000 
241 1 0.000000 0.000000 0.000000 0.000000 0.000000 
242 0 0.000000 0.000000 0.000000 0.000000 0.000000 
243 0 0.000000 0.000000 0.000000 0.000000 0.000000 
244 0 0.000000 0.000000 0.000000 0.000000 0.000000 
245 0 0.000000 0.000000 0.000000 0.000000 0.000000 
246 0 0.000000 0.000000 0.000000 0.000000 0.000000 
247 0 0.000000 0.000000 0.000000 0.000000 0.000000 
248 0 0.000000 0.000000 0.000000 0.000000 0.000000 
249 1 0.000000 0.000000 0.000000 0.000000 0.000000 
250 1 0.000000 0.000000 0.000000 0.000000 0.000000 
251 0 0.000000 0.000000 0.000000 0.000000 0.000000 
252 0 0.000000 0.000000 0.000000 0.000000 0.000000 
253 0 0.000000 0.000000 0.000000 0.000000 0.000000 
254 1 0.000000 0.000000 0.000000 0.000000 0.000000 
255 0 0.000000 0.000000 0.000000 0.000000 0.000000 
256 0 0.000000 0.000000 0.000000 0.000000 0.000000 
257 0 0.000000 0.000000 0.000000 0.000000 0.000000 
258 1 0.000000 0.000000 0.000000 0.000000 0.000000 
259 1 0.000000 0.000000 0.000000 0.000000 0.000000 
260 0 0.000000 0.000000 0.000000 0.000000 0.000000 
261 0 0.000000 0.000000 0.000000 0.000000 0.000000 
262 0 0.000000 0.000000 0.000000 0.000000 0.000000 
263 0 0.000000 0.000000 0.000000 0.000000 0.000000 
264 0 0.000000 0.000000 0.000000 0.000000 0.000000 
265 0 0.000000 0.000000 0.000000 0.000000 0.000000 
266 0 0.000000 0.000000 0.000000 0.000000 0.000000 
267 1 0.000000 0.000000 0.000000 0.000000 0.000000 
268 0 0.000000 0.000000 0.000000 0.000000 0.000000 
269 0 0.000000 0.000000 0.000000 0.000000 0.000000 
270 0 0.000000 0.000000 0.000000 0.000000 0.000000 
271 0 0.000000 0.000000 0.000000 0.000000 0.000000 
272 0 0.000000 0.000000 0.000000 0.000000 0.000000 
273 1 0.000000 0.000000 0.000000 0.000000 0.000000 
274 1 0.000000 0.000000 0.000000 0.000000 0.000000 
275 0 0.000000 0.000000 0.000000 0.000000 0.000000 
276 1 0.000000 0.000000 0.000000 0.000000 0.000000 
277 0 0.000000 0.000000 0.000000 0.000000 0.000000 
278 1 0.000000 0.000000 0.000000 0.000000 0.000000 
279 0 0.000000 0.000000 0.000000 0.000000 0.000000 
280 1 0.000000 0.000000 0.000000 0.000000 0.000000 
281 1 0.000000 0.000000 0.000000 0.000000 0.000000 
282 1 0.000000 0.000000 0.000000 0.000000 0.000000 
283 0 0.000000 0.000000 0.000000 0.000000 0.000000 
284 1 0.000000 0.000000 0.000000 0.000000 0.000000 
285 1 0.000000 0.000000 0.000000 0.000000 0.000000 
286 1 0.000000 0.000000 0.000000 0.000000 0.000000 
287 1 0.000000 0.000000 0.000000 0.000000 0.000000 
288 1 0.000000 0.000000 0.000000 0.000000 0.000000 
289 0 0.000000 0.000000 0.000000 0.000000 0.000000 
290 0 0.000000 0.000000 0.000000 0.000000 0.000000 
291 0 0.000000 0.000000 0.000000 0.000000 0.000000 
292 0 0.000000 0.000000 0.000000 0.000000 0.000000 
293 0 0.000000 0.000000 0.000000 0.000000 0.000000 
294 0 0.000000 0.000000 0.000000 0.000000 0.000000 
295 1 0.000000 0.000000 0.000000 0.000000 0.000000 
296 0 0.000000 0.000000 0.000000 0.000000 0.000000 
297 0 0.000000 0.000000 0.000000 0.000000 0.000000 
298 0 0.000000 0.000000 0.000000 0.000000 0.000000 
