299 2 5 
0 0 0.000532 0.000534 0.000525 0.000531 0.000516 
1 0 0.000532 0.000534 0.000525 0.000531 0.000516 
2 0 0.000533 0.000534 0.000526 0.000532 0.000517 
3 0 0.000533 0.000534 0.000526 0.000532 0.000517 
4 0 0.000532 0.000534 0.000525 0.000531 0.000516 
5 1 0.000533 0.000534 0.000526 0.000532 0.000517 
6 0 0.000533 0.000534 0.000525 0.000532 0.000517 
7 0 0.000532 0.000534 0.000525 0.000531 0.000516 
8 0 0.000533 0.000534 0.000526 0.000532 0.000517 
9 0 0.000532 0.000534 0.000525 0.000531 0.000516 
10 0 0.000533 0.000534 0.000525 0.000532 0.000517 
11 0 0.000532 0.000534 0.000525 0.000531 0.000516 
12 1 0.000532 0.000534 0.000525 0.000531 0.000516 
13 0 0.000532 0.000534 0.000525 0.000531 0.000516 
14 0 0.000532 0.000534 0.000525 0.000531 0.000516 
15 0 0.000532 0.000534 0.000525 0.000531 0.000516 
16 0 0.000532 0.000534 0.000525 0.000531 0.000516 
17 0 0.000533 0.000534 0.000525 0.000532 0.000517 
18 0 0.000532 0.000534 0.000525 0.000531 0.000516 
19 1 0.000532 0.000534 0.000525 0.000531 0.000516 
20 1 0.000532 0.000534 0.000525 0.000531 0.000516 
21 1 0.000532 0.000534 0.000525 0.000531 0.000516 
22 1 0.000532 0.000534 0.000525 0.000531 0.000516 
23 1 0.000532 0.000534 0.000525 0.000531 0.000516 
24 0 0.000532 0.000534 0.000525 0.000531 0.000516 
25 0 0.000532 0.000534 0.000525 0.000531 0.000516 
26 0 0.000532 0.000534 0.000525 0.000531 0.000516 
27 1 0.000533 0.000534 0.000525 0.000532 0.000517 
28 0 0.000532 0.000534 0.000525 0.000531 0.000516 
29 0 0.000533 0.000534 0.000525 0.000532 0.000516 
30 0 0.000532 0.000534 0.000525 0.000531 0.000516 
31 0 0.000532 0.000534 0.000525 0.000531 0.000516 
32 0 0.000533 0.000534 0.000525 0.000532 0.000516 
33 0 0.000532 0.000534 0.000525 0.000531 0.000516 
34 1 0.000533 0.000534 0.000525 0.000532 0.000517 
35 0 0.000532 0.000534 0.000525 0.000531 0.000516 
36 0 0.000533 0.000534 0.000526 0.000532 0.000517 
37 0 0.000532 0.000534 0.000525 0.000531 0.000516 
38 0 0.000533 0.000534 0.000525 0.000532 0.000516 
39 1 0.000533 0.000534 0.000526 0.000532 0.000517 
40 0 0.000532 0.000534 0.000525 0.000531 0.000516 
41 0 0.000533 0.000534 0.000525 0.000531 0.000516 
42 1 0.000532 0.000534 0.000525 0.000531 0.000516 
43 0 0.000532 0.000534 0.000525 0.000531 0.000516 
44 0 0.000533 0.000534 0.000526 0.000532 0.000517 
45 1 0.000532 0.000534 0.000525 0.000531 0.000516 
46 1 0.000532 0.000534 0.000525 0.000531 0.000516 
47 1 0.000532 0.000534 0.000525 0.000531 0.000516 
48 0 0.000533 0.000534 0.000526 0.000532 0.000517 
49 0 0.000533 0.000534 0.000525 0.000532 0.000517 
50 0 0.000532 0.000534 0.000525 0.000531 0.000516 
51 0 0.000532 0.000534 0.000525 0.000531 0.000516 
52 0 0.000532 0.000534 0.000525 0.000531 0.000516 
53 0 0.000533 0.000534 0.000525 0.000532 0.000516 
54 0 0.000532 0.000534 0.000525 0.000531 0.000516 
55 0 0.000532 0.000534 0.000525 0.000531 0.000516 
56 0 0.000532 0.000534 0.000525 0.000531 0.000516 
57 1 0.000532 0.000534 0.000525 0.000531 0.000516 
58 0 0.000532 0.000534 0.000525 0.000531 0.000516 
59 0 0.000532 0.000534 0.000525 0.000531 0.000516 
60 1 0.000532 0.000534 0.000525 0.000531 0.000516 
61 0 0.000533 0.000534 0.000525 0.000532 0.000517 
62 1 0.000532 0.000534 0.000525 0.000531 0.000516 
63 1 0.000532 0.000534 0.000525 0.000531 0.000516 
64 0 0.000533 0.000534 0.000526 0.000532 0.000517 
65 0 0.000532 0.000534 0.000525 0.000531 0.000516 
66 0 0.000533 0.000534 0.000525 0.000532 0.000517 
67 0 0.000532 0.000534 0.000525 0.000531 0.000516 
68 0 0.000532 0.000534 0.000525 0.000531 0.000516 
69 0 0.000533 0.000534 0.000526 0.000532 0.000517 
70 0 0.000533 0.000534 0.000525 0.000532 0.000516 
71 0 0.000532 0.000534 0.000525 0.000531 0.000516 
72 0 0.000533 0.000534 0.000526 0.000532 0.000517 
73 1 0.000532 0.000534 0.000525 0.000531 0.000516 
74 1 0.000532 0.000534 0.000525 0.000531 0.000516 
75 0 0.000532 0.000534 0.000525 0.000531 0.000516 
76 0 0.000533 0.000534 0.000526 0.000532 0.000517 
77 1 0.000532 0.000534 0.000525 0.000531 0.000516 
78 1 0.000532 0.000534 0.000525 0.000531 0.000516 
79 1 0.000533 0.000534 0.000526 0.000532 0.000517 
80 0 0.000533 0.000534 0.000525 0.000532 0.000516 
81 0 0.000532 0.000534 0.000525 0.000531 0.000516 
82 1 0.000532 0.000534 0.000525 0.000531 0.000516 
83 0 0.000532 0.000534 0.000525 0.000531 0.000516 
84 0 0.000532 0.000534 0.000525 0.000531 0.000516 
85 0 0.000532 0.000534 0.000525 0.000531 0.000516 
86 1 0.000532 0.000534 0.000525 0.000531 0.000516 
87 0 0.000533 0.000534 0.000526 0.000532 0.000517 
88 0 0.000532 0.000534 0.000525 0.000531 0.000516 
89 1 0.000532 0.000534 0.000525 0.000531 0.000516 
90 0 0.000533 0.000534 0.000525 0.000532 0.000517 
91 0 0.000533 0.000534 0.000525 0.000532 0.000517 
92 0 0.000532 0.000534 0.000525 0.000531 0.000516 
93 0 0.000533 0.000534 0.000525 0.000532 0.000517 
94 1 0.000532 0.000534 0.000525 0.000531 0.000516 
95 0 0.000532 0.000534 0.000525 0.000531 0.000516 
96 0 0.000533 0.000534 0.000526 0.000532 0.000517 
97 0 0.000532 0.000534 0.000525 0.000531 0.000516 
98 0 0.000532 0.000534 0.000525 0.000531 0.000516 
99 0 0.000532 0.000534 0.000525 0.000531 0.000516 
100 0 0.000532 0.000534 0.000525 0.000531 0.000516 
101 0 0.000533 0.000534 0.000526 0.000532 0.000517 
102 1 0.000532 0.000534 0.000525 0.000531 0.000516 
103 0 0.000532 0.000534 0.000525 0.000531 0.000516 
104 0 0.000532 0.000534 0.000525 0.000531 0.000516 
105 0 0.000532 0.000534 0.000525 0.000531 0.000516 
106 1 0.000533 0.000534 0.000526 0.000532 0.000517 
107 0 0.000532 0.000534 0.000525 0.000531 0.000516 
108 0 0.000532 0.000534 0.000525 0.000531 0.000516 
109 1 0.000533 0.000534 0.000525 0.000531 0.000516 
110 0 0.000532 0.000534 0.000525 0.000531 0.000516 
111 1 0.000532 0.000534 0.000525 0.000531 0.000516 
112 0 0.000532 0.000534 0.000525 0.000531 0.000516 
113 0 0.000533 0.000534 0.000525 0.000532 0.000517 
114 0 0.000533 0.000534 0.000526 0.000532 0.000517 
115 0 0.000533 0.000534 0.000525 0.000532 0.000517 
116 0 0.000532 0.000534 0.000525 0.000531 0.000516 
117 1 0.000532 0.000534 0.000525 0.000531 0.000516 
118 0 0.000532 0.000534 0.000525 0.000531 0.000516 
119 0 0.000532 0.000534 0.000525 0.000531 0.000516 
120 0 0.000533 0.000534 0.000526 0.000532 0.000517 
121 0 0.000533 0.000534 0.000526 0.000532 0.000517 
122 0 0.000532 0.000534 0.000525 0.000531 0.000516 
123 0 0.000532 0.000534 0.000525 0.000531 0.000516 
124 0 0.000532 0.000534 0.000525 0.000531 0.000516 
125 0 0.000532 0.000534 0.000525 0.000531 0.000516 
126 0 0.000532 0.000534 0.000525 0.000531 0.000516 
127 0 0.000533 0.000534 0.000526 0.000532 0.000517 
128 0 0.000532 0.000534 0.000525 0.000531 0.000516 
129 0 0.000532 0.000534 0.000525 0.000531 0.000516 
130 0 0.000533 0.000534 0.000526 0.000532 0.000517 
131 0 0.000532 0.000534 0.000525 0.000531 0.000516 
132 0 0.000533 0.000534 0.000526 0.000532 0.000517 
133 0 0.000532 0.000534 0.000525 0.000531 0.000516 
134 0 0.000533 0.000534 0.000525 0.000532 0.000517 
135 0 0.000533 0.000534 0.000525 0.000532 0.000517 
136 0 0.000532 0.000534 0.000525 0.000531 0.000516 
137 0 0.000532 0.000534 0.000525 0.000531 0.000516 
138 0 0.000532 0.000534 0.000525 0.000531 0.000516 
139 1 0.000532 0.000534 0.000525 0.000531 0.000516 
140 0 0.000532 0.000534 0.000525 0.000531 0.000516 
141 0 0.000533 0.000534 0.000526 0.000532 0.000517 
142 0 0.000532 0.000534 0.000525 0.000531 0.000516 
143 0 0.000532 0.000534 0.000525 0.000531 0.000516 
144 0 0.000533 0.000534 0.000525 0.000532 0.000517 
145 0 0.000533 0.000534 0.000526 0.000532 0.000517 
146 0 0.000533 0.000534 0.000526 0.000532 0.000517 
147 0 0.000532 0.000534 0.000525 0.000531 0.000516 
148 1 0.000532 0.000534 0.000525 0.000531 0.000516 
149 0 0.000533 0.000534 0.000526 0.000532 0.000517 
150 1 0.000532 0.000534 0.000525 0.000531 0.000516 
151 0 0.000532 0.000534 0.000525 0.000531 0.000516 
152 0 0.000532 0.000534 0.000525 0.000531 0.000516 
153 1 0.000533 0.000534 0.000525 0.000532 0.000517 
154 0 0.000532 0.000534 0.000525 0.000531 0.000516 
155 0 0.000532 0.000534 0.000525 0.000531 0.000516 
156 1 0.000533 0.000534 0.000525 0.000531 0.000516 
157 1 0.000533 0.000534 0.000525 0.000532 0.000517 
158 0 0.000532 0.000534 0.000525 0.000531 0.000516 
159 0 0.000532 0.000534 0.000525 0.000531 0.000516 
160 0 0.000533 0.000534 0.000525 0.000532 0.000517 
161 0 0.000533 0.000534 0.000526 0.000532 0.000517 
162 0 0.000532 0.000534 0.000525 0.000531 0.000516 
163 0 0.000532 0.000534 0.000525 0.000531 0.000516 
164 0 0.000533 0.000534 0.000526 0.000532 0.000517 
165 0 0.000532 0.000534 0.000525 0.000531 0.000516 
166 1 0.000532 0.000534 0.000525 0.000531 0.000516 
167 0 0.000532 0.000534 0.000525 0.000531 0.000516 
168 1 0.000532 0.000534 0.000525 0.000531 0.000516 
169 0 0.000532 0.000534 0.000525 0.000531 0.000516 
170 0 0.000532 0.000534 0.000525 0.000531 0.000516 
171 1 0.000533 0.000534 0.000525 0.000532 0.000517 
172 0 0.000533 0.000534 0.000525 0.000532 0.000516 
173 0 0.000533 0.000534 0.000525 0.000532 0.000517 
174 0 0.000533 0.000534 0.000525 0.000532 0.000517 
175 0 0.000532 0.000534 0.000525 0.000531 0.000516 
176 0 0.000533 0.000534 0.000526 0.000532 0.000517 
177 0 0.000532 0.000534 0.000525 0.000531 0.000516 
178 1 0.000532 0.000534 0.000525 0.000531 0.000516 
179 1 0.000532 0.000534 0.000525 0.000531 0.000516 
180 0 0.000532 0.000534 0.000525 0.000531 0.000516 
181 0 0.000532 0.000534 0.000525 0.000531 0.000516 
182 1 0.000533 0.000534 0.000526 0.000532 0.000517 
183 1 0.000532 0.000534 0.000525 0.000531 0.000516 
184 1 0.000532 0.000534 0.000525 0.000531 0.000516 
185 0 0.000533 0.000534 0.000526 0.000532 0.000517 
186 0 0.000533 0.000534 0.000525 0.000532 0.000516 
187 0 0.000533 0.000534 0.000526 0.000532 0.000517 
188 1 0.000533 0.000534 0.000526 0.000532 0.000517 
189 1 0.000532 0.000534 0.000525 0.000531 0.000516 
190 0 0.000532 0.000534 0.000525 0.000531 0.000516 
191 0 0.000532 0.000534 0.000525 0.000531 0.000516 
192 0 0.000532 0.000534 0.000525 0.000531 0.000516 
193 0 0.000532 0.000534 0.000525 0.000531 0.000516 
194 0 0.000533 0.000534 0.000525 0.000532 0.000516 
195 1 0.000532 0.000534 0.000525 0.000531 0.000516 
196 1 0.000532 0.000534 0.000525 0.000531 0.000516 
197 0 0.000533 0.000534 0.000525 0.000532 0.000517 
198 0 0.000533 0.000534 0.000526 0.000532 0.000517 
199 0 0.000532 0.000534 0.000525 0.000531 0.000516 
200 0 0.000533 0.000534 0.000526 0.000532 0.000517 
201 1 0.000533 0.000534 0.000525 0.000532 0.000517 
202 0 0.000532 0.000534 0.000525 0.000531 0.000516 
203 1 0.000533 0.000534 0.000526 0.000532 0.000517 
204 1 0.000533 0.000534 0.000526 0.000532 0.000517 
205 1 0.000533 0.000534 0.000526 0.000532 0.000517 
206 0 0.000532 0.000534 0.000525 0.000531 0.000516 
207 1 0.000532 0.000534 0.000525 0.000531 0.000516 
208 1 0.000533 0.000534 0.000526 0.000532 0.000517 
209 1 0.000532 0.000534 0.000525 0.000531 0.000516 
210 0 0.000533 0.000534 0.000526 0.000532 0.000517 
211 1 0.000533 0.000534 0.000526 0.000532 0.000517 
212 0 0.000533 0.000534 0.000526 0.000532 0.000517 
213 1 0.000533 0.000534 0.000525 0.000532 0.000517 
214 0 0.000532 0.000534 0.000525 0.000531 0.000516 
215 0 0.000532 0.000534 0.000525 0.000531 0.000516 
216 1 0.000532 0.000534 0.000525 0.000531 0.000516 
217 1 0.000532 0.000534 0.000525 0.000531 0.000516 
218 1 0.000532 0.000534 0.000525 0.000531 0.000516 
219 1 0.000532 0.000534 0.000525 0.000531 0.000516 
220 1 0.000532 0.000534 0.000525 0.000531 0.000516 
221 1 0.000532 0.000534 0.000525 0.000531 0.000516 
222 0 0.000533 0.000534 0.000525 0.000532 0.000517 
223 0 0.000533 0.000534 0.000525 0.000532 0.000516 
224 1 0.000533 0.000534 0.000525 0.000532 0.000517 
225 1 0.000532 0.000534 0.000525 0.000531 0.000516 
226 0 0.000532 0.000534 0.000525 0.000531 0.000516 
227 0 0.000533 0.000534 0.000525 0.000531 0.000516 
228 0 0.000532 0.000534 0.000525 0.000531 0.000516 
229 0 0.000532 0.000534 0.000525 0.000531 0.000516 
230 0 0.000532 0.000534 0.000525 0.000531 0.000516 
231 0 0.000532 0.000534 0.000525 0.000531 0.000516 
232 0 0.000532 0.000534 0.000525 0.000531 0.000516 
233 0 0.000532 0.000534 0.000525 0.000531 0.000516 
234 0 0.000533 0.000534 0.000525 0.000532 0.000517 
235 0 0.000533 0.000534 0.000525 0.000532 0.000517 
236 1 0.000532 0.000534 0.000525 0.000531 0.000516 
237 0 0.000532 0.000534 0.000525 0.000531 0.000516 
238 0 0.000533 0.000534 0.000526 0.000532 0.000517 
239 0 0.000532 0.000534 0.000525 0.000531 0.000516 
240 0 0.000533 0.000534 0.000526 0.000532 0.000517 
241 0 0.000532 0.000534 0.000525 0.000531 0.000516 
242 0 0.000532 0.000534 0.000525 0.000531 0.000516 
243 1 0.000532 0.000534 0.000525 0.000531 0.000516 
244 1 0.000533 0.000534 0.000525 0.000532 0.000517 
245 0 0.000532 0.000534 0.000525 0.000531 0.000516 
246 0 0.000533 0.000534 0.000526 0.000532 0.000517 
247 0 0.000532 0.000534 0.000525 0.000531 0.000516 
248 1 0.000532 0.000534 0.000525 0.000531 0.000516 
249 0 0.000532 0.000534 0.000525 0.000531 0.000516 
250 0 0.000533 0.000534 0.000525 0.000532 0.000517 
251 0 0.000532 0.000534 0.000525 0.000531 0.000516 
252 1 0.000532 0.000534 0.000525 0.000531 0.000516 
253 0 0.000533 0.000534 0.000526 0.000532 0.000517 
254 1 0.000532 0.000534 0.000525 0.000531 0.000516 
255 0 0.000533 0.000534 0.000526 0.000532 0.000517 
256 0 0.000532 0.000534 0.000525 0.000531 0.000516 
257 1 0.000533 0.000534 0.000526 0.000532 0.000517 
258 1 0.000533 0.000534 0.000526 0.000532 0.000517 
259 1 0.000533 0.000534 0.000525 0.000531 0.000516 
260 1 0.000532 0.000534 0.000525 0.000531 0.000516 
261 1 0.000532 0.000534 0.000525 0.000531 0.000516 
262 0 0.000532 0.000534 0.000525 0.000531 0.000516 
263 0 0.000532 0.000534 0.000525 0.000531 0.000516 
264 0 0.000533 0.000534 0.000526 0.000532 0.000517 
265 0 0.000533 0.000534 0.000526 0.000532 0.000517 
266 0 0.000532 0.000534 0.000525 0.000531 0.000516 
267 0 0.000533 0.000534 0.000525 0.000532 0.000517 
268 0 0.000533 0.000534 0.000526 0.000532 0.000517 
269 0 0.000532 0.000534 0.000525 0.000531 0.000516 
270 0 0.000533 0.000534 0.000525 0.000532 0.000517 
271 1 0.000532 0.000534 0.000525 0.000531 0.000516 
272 0 0.000533 0.000534 0.000526 0.000532 0.000517 
273 1 0.000532 0.000534 0.000525 0.000531 0.000516 
274 0 0.000532 0.000534 0.000525 0.000531 0.000516 
275 0 0.000533 0.000534 0.000525 0.000532 0.000517 
276 0 0.000532 0.000534 0.000525 0.000531 0.000516 
277 1 0.000533 0.000534 0.000526 0.000532 0.000517 
278 0 0.000532 0.000534 0.000525 0.000531 0.000516 
279 0 0.000532 0.000534 0.000525 0.000531 0.000516 
280 1 0.000532 0.000534 0.000525 0.000531 0.000516 
281 0 0.000533 0.000534 0.000526 0.000532 0.000517 
282 0 0.000532 0.000534 0.000525 0.000531 0.000516 
283 0 0.000533 0.000534 0.000525 0.000531 0.000516 
284 1 0.000533 0.000534 0.000526 0.000532 0.000517 
285 0 0.000533 0.000534 0.000526 0.000532 0.000517 
286 1 0.000532 0.000534 0.000525 0.000531 0.000516 
287 0 0.000532 0.000534 0.000525 0.000531 0.000516 
288 0 0.000532 0.000534 0.000525 0.000531 0.000516 
289 0 0.000532 0.000534 0.000525 0.000531 0.000516 
290 0 0.000532 0.000534 0.000525 0.000531 0.000516 
291 0 0.000532 0.000534 0.000525 0.000531 0.000516 
292 0 0.000532 0.000534 0.000525 0.000531 0.000516 
293 1 0.000533 0.000534 0.000525 0.000531 0.000516 
294 0 0.000533 0.000534 0.000526 0.000532 0.000517 
295 1 0.000532 0.000534 0.000525 0.000531 0.000516 
296 0 0.000533 0.000534 0.000526 0.000532 0.000517 
297 0 0.000532 0.000534 0.000525 0.000531 0.000516 
298 0 0.000532 0.000534 0.000525 0.000531 0.000516 
