299 2 14 
0 1 0.000000 0.000001 0.000001 0.000001 0.000001 0.000001 0.000002 0.000001 0.000003 0.000001 0.000001 0.000001 0.000002 0.000001 
1 0 0.000000 0.000001 0.000001 0.000001 0.000001 0.000001 0.000002 0.000001 0.000003 0.000001 0.000001 0.000001 0.000002 0.000001 
2 1 0.000000 0.000001 0.000001 0.000001 0.000001 0.000001 0.000002 0.000001 0.000003 0.000001 0.000001 0.000001 0.000002 0.000001 
3 0 0.000000 0.000001 0.000001 0.000001 0.000001 0.000001 0.000002 0.000001 0.000003 0.000001 0.000001 0.000001 0.000002 0.000001 
4 0 0.000000 0.000001 0.000001 0.000001 0.000001 0.000001 0.000002 0.000001 0.000003 0.000001 0.000001 0.000001 0.000002 0.000001 
5 0 0.000000 0.000001 0.000001 0.000001 0.000001 0.000001 0.000002 0.000001 0.000003 0.000001 0.000001 0.000001 0.000002 0.000001 
6 1 0.000000 0.000001 0.000001 0.000001 0.000001 0.000001 0.000002 0.000001 0.000003 0.000001 0.000001 0.000001 0.000002 0.000001 
7 0 0.000000 0.000001 0.000001 0.000001 0.000001 0.000001 0.000002 0.000001 0.000003 0.000001 0.000001 0.000001 0.000002 0.000001 
8 0 0.000000 0.000001 0.000001 0.000001 0.000001 0.000001 0.000002 0.000001 0.000003 0.000001 0.000001 0.000001 0.000002 0.000001 
9 0 0.000000 0.000001 0.000001 0.000001 0.000001 0.000001 0.000002 0.000001 0.000003 0.000001 0.000001 0.000001 0.000002 0.000001 
10 1 0.000000 0.000001 0.000001 0.000001 0.000001 0.000001 0.000002 0.000001 0.000003 0.000001 0.000001 0.000001 0.000002 0.000001 
11 1 0.000000 0.000001 0.000001 0.000001 0.000001 0.000001 0.000002 0.000001 0.000003 0.000001 0.000001 0.000001 0.000002 0.000001 
12 0 0.000000 0.000001 0.000001 0.000001 0.000001 0.000001 0.000002 0.000001 0.000003 0.000001 0.000001 0.000001 0.000002 0.000001 
13 0 0.000000 0.000001 0.000001 0.000001 0.000001 0.000001 0.000002 0.000001 0.000003 0.000001 0.000001 0.000001 0.000002 0.000001 
14 0 0.000000 0.000001 0.000001 0.000001 0.000001 0.000001 0.000002 0.000001 0.000003 0.000001 0.000001 0.000001 0.000002 0.000001 
15 1 0.000000 0.000001 0.000001 0.000001 0.000001 0.000001 0.000002 0.000001 0.000003 0.000001 0.000001 0.000001 0.000002 0.000001 
16 0 0.000000 0.000001 0.000001 0.000001 0.000001 0.000001 0.000002 0.000001 0.000003 0.000001 0.000001 0.000001 0.000002 0.000001 
17 1 0.000000 0.000001 0.000001 0.000001 0.000001 0.000001 0.000002 0.000001 0.000003 0.000001 0.000001 0.000001 0.000002 0.000001 
18 0 0.000000 0.000001 0.000001 0.000001 0.000001 0.000001 0.000002 0.000001 0.000003 0.000001 0.000001 0.000001 0.000002 0.000001 
19 0 0.000000 0.000001 0.000001 0.000001 0.000001 0.000001 0.000002 0.000001 0.000003 0.000001 0.000001 0.000001 0.000002 0.000001 
20 1 0.000000 0.000001 0.000001 0.000001 0.000001 0.000001 0.000002 0.000001 0.000003 0.000001 0.000001 0.000001 0.000002 0.000001 
21 0 0.000000 0.000001 0.000001 0.000001 0.000001 0.000001 0.000002 0.000001 0.000003 0.000001 0.000001 0.000001 0.000002 0.000001 
22 0 0.000000 0.000001 0.000001 0.000001 0.000001 0.000001 0.000002 0.000001 0.000003 0.000001 0.000001 0.000001 0.000002 0.000001 
23 0 0.000000 0.000001 0.000001 0.000001 0.000001 0.000001 0.000002 0.000001 0.000003 0.000001 0.000001 0.000001 0.000002 0.000001 
24 0 0.000000 0.000001 0.000001 0.000001 0.000001 0.000001 0.000002 0.000001 0.000003 0.000001 0.000001 0.000001 0.000002 0.000001 
25 0 0.000000 0.000001 0.000001 0.000001 0.000001 0.000001 0.000002 0.000001 0.000003 0.000001 0.000001 0.000001 0.000002 0.000001 
26 0 0.000000 0.000001 0.000001 0.000001 0.000001 0.000001 0.000002 0.000001 0.000003 0.000001 0.000001 0.000001 0.000002 0.000001 
27 0 0.000000 0.000001 0.000001 0.000001 0.000001 0.000001 0.000002 0.000001 0.000003 0.000001 0.000001 0.000001 0.000002 0.000001 
28 0 0.000000 0.000001 0.000001 0.000001 0.000001 0.000001 0.000002 0.000001 0.000003 0.000001 0.000001 0.000001 0.000002 0.000001 
29 0 0.000000 0.000001 0.000001 0.000001 0.000001 0.000001 0.000002 0.000001 0.000003 0.000001 0.000001 0.000001 0.000002 0.000001 
30 1 0.000000 0.000001 0.000001 0.000001 0.000001 0.000001 0.000002 0.000001 0.000003 0.000001 0.000001 0.000001 0.000002 0.000001 
31 0 0.000000 0.000001 0.000001 0.000001 0.000001 0.000001 0.000002 0.000001 0.000003 0.000001 0.000001 0.000001 0.000002 0.000001 
32 1 0.000000 0.000001 0.000001 0.000001 0.000001 0.000001 0.000002 0.000001 0.000003 0.000001 0.000001 0.000001 0.000002 0.000001 
33 0 0.000000 0.000001 0.000001 0.000001 0.000001 0.000001 0.000002 0.000001 0.000003 0.000001 0.000001 0.000001 0.000002 0.000001 
34 0 0.000000 0.000001 0.000001 0.000001 0.000001 0.000001 0.000002 0.000001 0.000003 0.000001 0.000001 0.000001 0.000002 0.000001 
35 0 0.000000 0.000001 0.000001 0.000001 0.000001 0.000001 0.000002 0.000001 0.000003 0.000001 0.000001 0.000001 0.000002 0.000001 
36 0 0.000000 0.000001 0.000001 0.000001 0.000001 0.000001 0.000002 0.000001 0.000003 0.000001 0.000001 0.000001 0.000002 0.000001 
37 0 0.000000 0.000001 0.000001 0.000001 0.000001 0.000001 0.000002 0.000001 0.000003 0.000001 0.000001 0.000001 0.000002 0.000001 
38 1 0.000000 0.000001 0.000001 0.000001 0.000001 0.000001 0.000002 0.000001 0.000003 0.000001 0.000001 0.000001 0.000002 0.000001 
39 1 0.000000 0.000001 0.000001 0.000001 0.000001 0.000001 0.000002 0.000001 0.000003 0.000001 0.000001 0.000001 0.000002 0.000001 
40 1 0.000000 0.000001 0.000001 0.000001 0.000001 0.000001 0.000002 0.000001 0.000003 0.000001 0.000001 0.000001 0.000002 0.000001 
41 0 0.000000 0.000001 0.000001 0.000001 0.000001 0.000001 0.000002 0.000001 0.000003 0.000001 0.000001 0.000001 0.000002 0.000001 
42 1 0.000000 0.000001 0.000001 0.000001 0.000001 0.000001 0.000002 0.000001 0.000003 0.000001 0.000001 0.000001 0.000002 0.000001 
43 1 0.000000 0.000001 0.000001 0.000001 0.000001 0.000001 0.000002 0.000001 0.000003 0.000001 0.000001 0.000001 0.000002 0.000001 
44 0 0.000000 0.000001 0.000001 0.000001 0.000001 0.000001 0.000002 0.000001 0.000003 0.000001 0.000001 0.000001 0.000002 0.000001 
45 0 0.000000 0.000001 0.000001 0.000001 0.000001 0.000001 0.000002 0.000001 0.000003 0.000001 0.000001 0.000001 0.000002 0.000001 
46 0 0.000000 0.000001 0.000001 0.000001 0.000001 0.000001 0.000002 0.000001 0.000003 0.000001 0.000001 0.000001 0.000002 0.000001 
47 0 0.000000 0.000001 0.000001 0.000001 0.000001 0.000001 0.000002 0.000001 0.000003 0.000001 0.000001 0.000001 0.000002 0.000001 
48 0 0.000000 0.000001 0.000001 0.000001 0.000001 0.000001 0.000002 0.000001 0.000003 0.000001 0.000001 0.000001 0.000002 0.000001 
49 0 0.000000 0.000001 0.000001 0.000001 0.000001 0.000001 0.000002 0.000001 0.000003 0.000001 0.000001 0.000001 0.000002 0.000001 
50 0 0.000000 0.000001 0.000001 0.000001 0.000001 0.000001 0.000002 0.000001 0.000003 0.000001 0.000001 0.000001 0.000002 0.000001 
51 0 0.000000 0.000001 0.000001 0.000001 0.000001 0.000001 0.000002 0.000001 0.000003 0.000001 0.000001 0.000001 0.000002 0.000001 
52 0 0.000000 0.000001 0.000001 0.000001 0.000001 0.000001 0.000002 0.000001 0.000003 0.000001 0.000001 0.000001 0.000002 0.000001 
53 1 0.000000 0.000001 0.000001 0.000001 0.000001 0.000001 0.000002 0.000001 0.000003 0.000001 0.000001 0.000001 0.000002 0.000001 
54 0 0.000000 0.000001 0.000001 0.000001 0.000001 0.000001 0.000002 0.000001 0.000003 0.000001 0.000001 0.000001 0.000002 0.000001 
55 0 0.000000 0.000001 0.000001 0.000001 0.000001 0.000001 0.000002 0.000001 0.000003 0.000001 0.000001 0.000001 0.000002 0.000001 
56 0 0.000000 0.000001 0.000001 0.000001 0.000001 0.000001 0.000002 0.000001 0.000003 0.000001 0.000001 0.000001 0.000002 0.000001 
57 1 0.000000 0.000001 0.000001 0.000001 0.000001 0.000001 0.000002 0.000001 0.000003 0.000001 0.000001 0.000001 0.000002 0.000001 
58 0 0.000000 0.000001 0.000001 0.000001 0.000001 0.000001 0.000002 0.000001 0.000003 0.000001 0.000001 0.000001 0.000002 0.000001 
59 0 0.000000 0.000001 0.000001 0.000001 0.000001 0.000001 0.000002 0.000001 0.000003 0.000001 0.000001 0.000001 0.000002 0.000001 
60 0 0.000000 0.000001 0.000001 0.000001 0.000001 0.000001 0.000002 0.000001 0.000003 0.000001 0.000001 0.000001 0.000002 0.000001 
61 0 0.000000 0.000001 0.000001 0.000001 0.000001 0.000001 0.000002 0.000001 0.000003 0.000001 0.000001 0.000001 0.000002 0.000001 
62 0 0.000000 0.000001 0.000001 0.000001 0.000001 0.000001 0.000002 0.000001 0.000003 0.000001 0.000001 0.000001 0.000002 0.000001 
63 0 0.000000 0.000001 0.000001 0.000001 0.000001 0.000001 0.000002 0.000001 0.000003 0.000001 0.000001 0.000001 0.000002 0.000001 
64 0 0.000000 0.000001 0.000001 0.000001 0.000001 0.000001 0.000002 0.000001 0.000003 0.000001 0.000001 0.000001 0.000002 0.000001 
65 1 0.000000 0.000001 0.000001 0.000001 0.000001 0.000001 0.000002 0.000001 0.000003 0.000001 0.000001 0.000001 0.000002 0.000001 
66 1 0.000000 0.000001 0.000001 0.000001 0.000001 0.000001 0.000002 0.000001 0.000003 0.000001 0.000001 0.000001 0.000002 0.000001 
67 0 0.000000 0.000001 0.000001 0.000001 0.000001 0.000001 0.000002 0.000001 0.000003 0.000001 0.000001 0.000001 0.000002 0.000001 
68 0 0.000000 0.000001 0.000001 0.000001 0.000001 0.000001 0.000002 0.000001 0.000003 0.000001 0.000001 0.000001 0.000002 0.000001 
69 0 0.000000 0.000001 0.000001 0.000001 0.000001 0.000001 0.000002 0.000001 0.000003 0.000001 0.000001 0.000001 0.000002 0.000001 
70 0 0.000000 0.000001 0.000001 0.000001 0.000001 0.000001 0.000002 0.000001 0.000003 0.000001 0.000001 0.000001 0.000002 0.000001 
71 1 0.000000 0.000001 0.000001 0.000001 0.000001 0.000001 0.000002 0.000001 0.000003 0.000001 0.000001 0.000001 0.000002 0.000001 
72 0 0.000000 0.000001 0.000001 0.000001 0.000001 0.000001 0.000002 0.000001 0.000003 0.000001 0.000001 0.000001 0.000002 0.000001 
73 0 0.000000 0.000001 0.000001 0.000001 0.000001 0.000001 0.000002 0.000001 0.000003 0.000001 0.000001 0.000001 0.000002 0.000001 
74 1 0.000000 0.000001 0.000001 0.000001 0.000001 0.000001 0.000002 0.000001 0.000003 0.000001 0.000001 0.000001 0.000002 0.000001 
75 0 0.000000 0.000001 0.000001 0.000001 0.000001 0.000001 0.000002 0.000001 0.000003 0.000001 0.000001 0.000001 0.000002 0.000001 
76 1 0.000000 0.000001 0.000001 0.000001 0.000001 0.000001 0.000002 0.000001 0.000003 0.000001 0.000001 0.000001 0.000002 0.000001 
77 1 0.000000 0.000001 0.000001 0.000001 0.000001 0.000001 0.000002 0.000001 0.000003 0.000001 0.000001 0.000001 0.000002 0.000001 
78 0 0.000000 0.000001 0.000001 0.000001 0.000001 0.000001 0.000002 0.000001 0.000003 0.000001 0.000001 0.000001 0.000002 0.000001 
79 0 0.000000 0.000001 0.000001 0.000001 0.000001 0.000001 0.000002 0.000001 0.000003 0.000001 0.000001 0.000001 0.000002 0.000001 
80 1 0.000000 0.000001 0.000001 0.000001 0.000001 0.000001 0.000002 0.000001 0.000003 0.000001 0.000001 0.000001 0.000002 0.000001 
81 1 0.000000 0.000001 0.000001 0.000001 0.000001 0.000001 0.000002 0.000001 0.000003 0.000001 0.000001 0.000001 0.000002 0.000001 
82 1 0.000000 0.000001 0.000001 0.000001 0.000001 0.000001 0.000002 0.000001 0.000003 0.000001 0.000001 0.000001 0.000002 0.000001 
83 0 0.000000 0.000001 0.000001 0.000001 0.000001 0.000001 0.000002 0.000001 0.000003 0.000001 0.000001 0.000001 0.000002 0.000001 
84 0 0.000000 0.000001 0.000001 0.000001 0.000001 0.000001 0.000002 0.000001 0.000003 0.000001 0.000001 0.000001 0.000002 0.000001 
85 0 0.000000 0.000001 0.000001 0.000001 0.000001 0.000001 0.000002 0.000001 0.000003 0.000001 0.000001 0.000001 0.000002 0.000001 
86 0 0.000000 0.000001 0.000001 0.000001 0.000001 0.000001 0.000002 0.000001 0.000003 0.000001 0.000001 0.000001 0.000002 0.000001 
87 0 0.000000 0.000001 0.000001 0.000001 0.000001 0.000001 0.000002 0.000001 0.000003 0.000001 0.000001 0.000001 0.000002 0.000001 
88 0 0.000000 0.000001 0.000001 0.000001 0.000001 0.000001 0.000002 0.000001 0.000003 0.000001 0.000001 0.000001 0.000002 0.000001 
89 1 0.000000 0.000001 0.000001 0.000001 0.000001 0.000001 0.000002 0.000001 0.000003 0.000001 0.000001 0.000001 0.000002 0.000001 
90 0 0.000000 0.000001 0.000001 0.000001 0.000001 0.000001 0.000002 0.000001 0.000003 0.000001 0.000001 0.000001 0.000002 0.000001 
91 0 0.000000 0.000001 0.000001 0.000001 0.000001 0.000001 0.000002 0.000001 0.000003 0.000001 0.000001 0.000001 0.000002 0.000001 
92 1 0.000000 0.000001 0.000001 0.000001 0.000001 0.000001 0.000002 0.000001 0.000003 0.000001 0.000001 0.000001 0.000002 0.000001 
93 0 0.000000 0.000001 0.000001 0.000001 0.000001 0.000001 0.000002 0.000001 0.000003 0.000001 0.000001 0.000001 0.000002 0.000001 
94 0 0.000000 0.000001 0.000001 0.000001 0.000001 0.000001 0.000002 0.000001 0.000003 0.000001 0.000001 0.000001 0.000002 0.000001 
95 0 0.000000 0.000001 0.000001 0.000001 0.000001 0.000001 0.000002 0.000001 0.000003 0.000001 0.000001 0.000001 0.000002 0.000001 
96 0 0.000000 0.000001 0.000001 0.000001 0.000001 0.000001 0.000002 0.000001 0.000003 0.000001 0.000001 0.000001 0.000002 0.000001 
97 1 0.000000 0.000001 0.000001 0.000001 0.000001 0.000001 0.000002 0.000001 0.000003 0.000001 0.000001 0.000001 0.000002 0.000001 
98 1 0.000000 0.000001 0.000001 0.000001 0.000001 0.000001 0.000002 0.000001 0.000003 0.000001 0.000001 0.000001 0.000002 0.000001 
99 0 0.000000 0.000001 0.000001 0.000001 0.000001 0.000001 0.000002 0.000001 0.000003 0.000001 0.000001 0.000001 0.000002 0.000001 
100 1 0.000000 0.000001 0.000001 0.000001 0.000001 0.000001 0.000002 0.000001 0.000003 0.000001 0.000001 0.000001 0.000002 0.000001 
101 0 0.000000 0.000001 0.000001 0.000001 0.000001 0.000001 0.000002 0.000001 0.000003 0.000001 0.000001 0.000001 0.000002 0.000001 
102 0 0.000000 0.000001 0.000001 0.000001 0.000001 0.000001 0.000002 0.000001 0.000003 0.000001 0.000001 0.000001 0.000002 0.000001 
103 0 0.000000 0.000001 0.000001 0.000001 0.000001 0.000001 0.000002 0.000001 0.000003 0.000001 0.000001 0.000001 0.000002 0.000001 
104 1 0.000000 0.000001 0.000001 0.000001 0.000001 0.000001 0.000002 0.000001 0.000003 0.000001 0.000001 0.000001 0.000002 0.000001 
105 0 0.000000 0.000001 0.000001 0.000001 0.000001 0.000001 0.000002 0.000001 0.000003 0.000001 0.000001 0.000001 0.000002 0.000001 
106 1 0.000000 0.000001 0.000001 0.000001 0.000001 0.000001 0.000002 0.000001 0.000003 0.000001 0.000001 0.000001 0.000002 0.000001 
107 1 0.000000 0.000001 0.000001 0.000001 0.000001 0.000001 0.000002 0.000001 0.000003 0.000001 0.000001 0.000001 0.000002 0.000001 
108 1 0.000000 0.000001 0.000001 0.000001 0.000001 0.000001 0.000002 0.000001 0.000003 0.000001 0.000001 0.000001 0.000002 0.000001 
109 0 0.000000 0.000001 0.000001 0.000001 0.000001 0.000001 0.000002 0.000001 0.000003 0.000001 0.000001 0.000001 0.000002 0.000001 
110 0 0.000000 0.000001 0.000001 0.000001 0.000001 0.000001 0.000002 0.000001 0.000003 0.000001 0.000001 0.000001 0.000002 0.000001 
111 0 0.000000 0.000001 0.000001 0.000001 0.000001 0.000001 0.000002 0.000001 0.000003 0.000001 0.000001 0.000001 0.000002 0.000001 
112 1 0.000000 0.000001 0.000001 0.000001 0.000001 0.000001 0.000002 0.000001 0.000003 0.000001 0.000001 0.000001 0.000002 0.000001 
113 0 0.000000 0.000001 0.000001 0.000001 0.000001 0.000001 0.000002 0.000001 0.000003 0.000001 0.000001 0.000001 0.000002 0.000001 
114 0 0.000000 0.000001 0.000001 0.000001 0.000001 0.000001 0.000002 0.000001 0.000003 0.000001 0.000001 0.000001 0.000002 0.000001 
115 0 0.000000 0.000001 0.000001 0.000001 0.000001 0.000001 0.000002 0.000001 0.000003 0.000001 0.000001 0.000001 0.000002 0.000001 
116 1 0.000000 0.000001 0.000001 0.000001 0.000001 0.000001 0.000002 0.000001 0.000003 0.000001 0.000001 0.000001 0.000002 0.000001 
117 0 0.000000 0.000001 0.000001 0.000001 0.000001 0.000001 0.000002 0.000001 0.000003 0.000001 0.000001 0.000001 0.000002 0.000001 
118 0 0.000000 0.000001 0.000001 0.000001 0.000001 0.000001 0.000002 0.000001 0.000003 0.000001 0.000001 0.000001 0.000002 0.000001 
119 0 0.000000 0.000001 0.000001 0.000001 0.000001 0.000001 0.000002 0.000001 0.000003 0.000001 0.000001 0.000001 0.000002 0.000001 
120 1 0.000000 0.000001 0.000001 0.000001 0.000001 0.000001 0.000002 0.000001 0.000003 0.000001 0.000001 0.000001 0.000002 0.000001 
121 0 0.000000 0.000001 0.000001 0.000001 0.000001 0.000001 0.000002 0.000001 0.000003 0.000001 0.000001 0.000001 0.000002 0.000001 
122 0 0.000000 0.000001 0.000001 0.000001 0.000001 0.000001 0.000002 0.000001 0.000003 0.000001 0.000001 0.000001 0.000002 0.000001 
123 1 0.000000 0.000001 0.000001 0.000001 0.000001 0.000001 0.000002 0.000001 0.000003 0.000001 0.000001 0.000001 0.000002 0.000001 
124 0 0.000000 0.000001 0.000001 0.000001 0.000001 0.000001 0.000002 0.000001 0.000003 0.000001 0.000001 0.000001 0.000002 0.000001 
125 1 0.000000 0.000001 0.000001 0.000001 0.000001 0.000001 0.000002 0.000001 0.000003 0.000001 0.000001 0.000001 0.000002 0.000001 
126 1 0.000000 0.000001 0.000001 0.000001 0.000001 0.000001 0.000002 0.000001 0.000003 0.000001 0.000001 0.000001 0.000002 0.000001 
127 0 0.000000 0.000001 0.000001 0.000001 0.000001 0.000001 0.000002 0.000001 0.000003 0.000001 0.000001 0.000001 0.000002 0.000001 
128 1 0.000000 0.000001 0.000001 0.000001 0.000001 0.000001 0.000002 0.000001 0.000003 0.000001 0.000001 0.000001 0.000002 0.000001 
129 0 0.000000 0.000001 0.000001 0.000001 0.000001 0.000001 0.000002 0.000001 0.000003 0.000001 0.000001 0.000001 0.000002 0.000001 
130 0 0.000000 0.000001 0.000001 0.000001 0.000001 0.000001 0.000002 0.000001 0.000003 0.000001 0.000001 0.000001 0.000002 0.000001 
131 0 0.000000 0.000001 0.000001 0.000001 0.000001 0.000001 0.000002 0.000001 0.000003 0.000001 0.000001 0.000001 0.000002 0.000001 
132 0 0.000000 0.000001 0.000001 0.000001 0.000001 0.000001 0.000002 0.000001 0.000003 0.000001 0.000001 0.000001 0.000002 0.000001 
133 0 0.000000 0.000001 0.000001 0.000001 0.000001 0.000001 0.000002 0.000001 0.000003 0.000001 0.000001 0.000001 0.000002 0.000001 
134 1 0.000000 0.000001 0.000001 0.000001 0.000001 0.000001 0.000002 0.000001 0.000003 0.000001 0.000001 0.000001 0.000002 0.000001 
135 0 0.000000 0.000001 0.000001 0.000001 0.000001 0.000001 0.000002 0.000001 0.000003 0.000001 0.000001 0.000001 0.000002 0.000001 
136 0 0.000000 0.000001 0.000001 0.000001 0.000001 0.000001 0.000002 0.000001 0.000003 0.000001 0.000001 0.000001 0.000002 0.000001 
137 1 0.000000 0.000001 0.000001 0.000001 0.000001 0.000001 0.000002 0.000001 0.000003 0.000001 0.000001 0.000001 0.000002 0.000001 
138 0 0.000000 0.000001 0.000001 0.000001 0.000001 0.000001 0.000002 0.000001 0.000003 0.000001 0.000001 0.000001 0.000002 0.000001 
139 0 0.000000 0.000001 0.000001 0.000001 0.000001 0.000001 0.000002 0.000001 0.000003 0.000001 0.000001 0.000001 0.000002 0.000001 
140 0 0.000000 0.000001 0.000001 0.000001 0.000001 0.000001 0.000002 0.000001 0.000003 0.000001 0.000001 0.000001 0.000002 0.000001 
141 0 0.000000 0.000001 0.000001 0.000001 0.000001 0.000001 0.000002 0.000001 0.000003 0.000001 0.000001 0.000001 0.000002 0.000001 
142 1 0.000000 0.000001 0.000001 0.000001 0.000001 0.000001 0.000002 0.000001 0.000003 0.000001 0.000001 0.000001 0.000002 0.000001 
143 0 0.000000 0.000001 0.000001 0.000001 0.000001 0.000001 0.000002 0.000001 0.000003 0.000001 0.000001 0.000001 0.000002 0.000001 
144 1 0.000000 0.000001 0.000001 0.000001 0.000001 0.000001 0.000002 0.000001 0.000003 0.000001 0.000001 0.000001 0.000002 0.000001 
145 0 0.000000 0.000001 0.000001 0.000001 0.000001 0.000001 0.000002 0.000001 0.000003 0.000001 0.000001 0.000001 0.000002 0.000001 
146 0 0.000000 0.000001 0.000001 0.000001 0.000001 0.000001 0.000002 0.000001 0.000003 0.000001 0.000001 0.000001 0.000002 0.000001 
147 1 0.000000 0.000001 0.000001 0.000001 0.000001 0.000001 0.000002 0.000001 0.000003 0.000001 0.000001 0.000001 0.000002 0.000001 
148 0 0.000000 0.000001 0.000001 0.000001 0.000001 0.000001 0.000002 0.000001 0.000003 0.000001 0.000001 0.000001 0.000002 0.000001 
149 0 0.000000 0.000001 0.000001 0.000001 0.000001 0.000001 0.000002 0.000001 0.000003 0.000001 0.000001 0.000001 0.000002 0.000001 
150 0 0.000000 0.000001 0.000001 0.000001 0.000001 0.000001 0.000002 0.000001 0.000003 0.000001 0.000001 0.000001 0.000002 0.000001 
151 0 0.000000 0.000001 0.000001 0.000001 0.000001 0.000001 0.000002 0.000001 0.000003 0.000001 0.000001 0.000001 0.000002 0.000001 
152 0 0.000000 0.000001 0.000001 0.000001 0.000001 0.000001 0.000002 0.000001 0.000003 0.000001 0.000001 0.000001 0.000002 0.000001 
153 0 0.000000 0.000001 0.000001 0.000001 0.000001 0.000001 0.000002 0.000001 0.000003 0.000001 0.000001 0.000001 0.000002 0.000001 
154 0 0.000000 0.000001 0.000001 0.000001 0.000001 0.000001 0.000002 0.000001 0.000003 0.000001 0.000001 0.000001 0.000002 0.000001 
155 1 0.000000 0.000001 0.000001 0.000001 0.000001 0.000001 0.000002 0.000001 0.000003 0.000001 0.000001 0.000001 0.000002 0.000001 
156 0 0.000000 0.000001 0.000001 0.000001 0.000001 0.000001 0.000002 0.000001 0.000003 0.000001 0.000001 0.000001 0.000002 0.000001 
157 0 0.000000 0.000001 0.000001 0.000001 0.000001 0.000001 0.000002 0.000001 0.000003 0.000001 0.000001 0.000001 0.000002 0.000001 
158 0 0.000000 0.000001 0.000001 0.000001 0.000001 0.000001 0.000002 0.000001 0.000003 0.000001 0.000001 0.000001 0.000002 0.000001 
159 0 0.000000 0.000001 0.000001 0.000001 0.000001 0.000001 0.000002 0.000001 0.000003 0.000001 0.000001 0.000001 0.000002 0.000001 
160 0 0.000000 0.000001 0.000001 0.000001 0.000001 0.000001 0.000002 0.000001 0.000003 0.000001 0.000001 0.000001 0.000002 0.000001 
161 0 0.000000 0.000001 0.000001 0.000001 0.000001 0.000001 0.000002 0.000001 0.000003 0.000001 0.000001 0.000001 0.000002 0.000001 
162 0 0.000000 0.000001 0.000001 0.000001 0.000001 0.000001 0.000002 0.000001 0.000003 0.000001 0.000001 0.000001 0.000002 0.000001 
163 0 0.000000 0.000001 0.000001 0.000001 0.000001 0.000001 0.000002 0.000001 0.000003 0.000001 0.000001 0.000001 0.000002 0.000001 
164 1 0.000000 0.000001 0.000001 0.000001 0.000001 0.000001 0.000002 0.000001 0.000003 0.000001 0.000001 0.000001 0.000002 0.000001 
165 0 0.000000 0.000001 0.000001 0.000001 0.000001 0.000001 0.000002 0.000001 0.000003 0.000001 0.000001 0.000001 0.000002 0.000001 
166 0 0.000000 0.000001 0.000001 0.000001 0.000001 0.000001 0.000002 0.000001 0.000003 0.000001 0.000001 0.000001 0.000002 0.000001 
167 1 0.000000 0.000001 0.000001 0.000001 0.000001 0.000001 0.000002 0.000001 0.000003 0.000001 0.000001 0.000001 0.000002 0.000001 
168 1 0.000000 0.000001 0.000001 0.000001 0.000001 0.000001 0.000002 0.000001 0.000003 0.000001 0.000001 0.000001 0.000002 0.000001 
169 1 0.000000 0.000001 0.000001 0.000001 0.000001 0.000001 0.000002 0.000001 0.000003 0.000001 0.000001 0.000001 0.000002 0.000001 
170 0 0.000000 0.000001 0.000001 0.000001 0.000001 0.000001 0.000002 0.000001 0.000003 0.000001 0.000001 0.000001 0.000002 0.000001 
171 0 0.000000 0.000001 0.000001 0.000001 0.000001 0.000001 0.000002 0.000001 0.000003 0.000001 0.000001 0.000001 0.000002 0.000001 
172 0 0.000000 0.000001 0.000001 0.000001 0.000001 0.000001 0.000002 0.000001 0.000003 0.000001 0.000001 0.000001 0.000002 0.000001 
173 0 0.000000 0.000001 0.000001 0.000001 0.000001 0.000001 0.000002 0.000001 0.000003 0.000001 0.000001 0.000001 0.000002 0.000001 
174 1 0.000000 0.000001 0.000001 0.000001 0.000001 0.000001 0.000002 0.000001 0.000003 0.000001 0.000001 0.000001 0.000002 0.000001 
175 0 0.000000 0.000001 0.000001 0.000001 0.000001 0.000001 0.000002 0.000001 0.000003 0.000001 0.000001 0.000001 0.000002 0.000001 
176 0 0.000000 0.000001 0.000001 0.000001 0.000001 0.000001 0.000002 0.000001 0.000003 0.000001 0.000001 0.000001 0.000002 0.000001 
177 1 0.000000 0.000001 0.000001 0.000001 0.000001 0.000001 0.000002 0.000001 0.000003 0.000001 0.000001 0.000001 0.000002 0.000001 
178 1 0.000000 0.000001 0.000001 0.000001 0.000001 0.000001 0.000002 0.000001 0.000003 0.000001 0.000001 0.000001 0.000002 0.000001 
179 0 0.000000 0.000001 0.000001 0.000001 0.000001 0.000001 0.000002 0.000001 0.000003 0.000001 0.000001 0.000001 0.000002 0.000001 
180 1 0.000000 0.000001 0.000001 0.000001 0.000001 0.000001 0.000002 0.000001 0.000003 0.000001 0.000001 0.000001 0.000002 0.000001 
181 0 0.000000 0.000001 0.000001 0.000001 0.000001 0.000001 0.000002 0.000001 0.000003 0.000001 0.000001 0.000001 0.000002 0.000001 
182 0 0.000000 0.000001 0.000001 0.000001 0.000001 0.000001 0.000002 0.000001 0.000003 0.000001 0.000001 0.000001 0.000002 0.000001 
183 1 0.000000 0.000001 0.000001 0.000001 0.000001 0.000001 0.000002 0.000001 0.000003 0.000001 0.000001 0.000001 0.000002 0.000001 
184 0 0.000000 0.000001 0.000001 0.000001 0.000001 0.000001 0.000002 0.000001 0.000003 0.000001 0.000001 0.000001 0.000002 0.000001 
185 0 0.000000 0.000001 0.000001 0.000001 0.000001 0.000001 0.000002 0.000001 0.000003 0.000001 0.000001 0.000001 0.000002 0.000001 
186 0 0.000000 0.000001 0.000001 0.000001 0.000001 0.000001 0.000002 0.000001 0.000003 0.000001 0.000001 0.000001 0.000002 0.000001 
187 0 0.000000 0.000001 0.000001 0.000001 0.000001 0.000001 0.000002 0.000001 0.000003 0.000001 0.000001 0.000001 0.000002 0.000001 
188 1 0.000000 0.000001 0.000001 0.000001 0.000001 0.000001 0.000002 0.000001 0.000003 0.000001 0.000001 0.000001 0.000002 0.000001 
189 0 0.000000 0.000001 0.000001 0.000001 0.000001 0.000001 0.000002 0.000001 0.000003 0.000001 0.000001 0.000001 0.000002 0.000001 
190 1 0.000000 0.000001 0.000001 0.000001 0.000001 0.000001 0.000002 0.000001 0.000003 0.000001 0.000001 0.000001 0.000002 0.000001 
191 1 0.000000 0.000001 0.000001 0.000001 0.000001 0.000001 0.000002 0.000001 0.000003 0.000001 0.000001 0.000001 0.000002 0.000001 
192 0 0.000000 0.000001 0.000001 0.000001 0.000001 0.000001 0.000002 0.000001 0.000003 0.000001 0.000001 0.000001 0.000002 0.000001 
193 0 0.000000 0.000001 0.000001 0.000001 0.000001 0.000001 0.000002 0.000001 0.000003 0.000001 0.000001 0.000001 0.000002 0.000001 
194 1 0.000000 0.000001 0.000001 0.000001 0.000001 0.000001 0.000002 0.000001 0.000003 0.000001 0.000001 0.000001 0.000002 0.000001 
195 0 0.000000 0.000001 0.000001 0.000001 0.000001 0.000001 0.000002 0.000001 0.000003 0.000001 0.000001 0.000001 0.000002 0.000001 
196 0 0.000000 0.000001 0.000001 0.000001 0.000001 0.000001 0.000002 0.000001 0.000003 0.000001 0.000001 0.000001 0.000002 0.000001 
197 0 0.000000 0.000001 0.000001 0.000001 0.000001 0.000001 0.000002 0.000001 0.000003 0.000001 0.000001 0.000001 0.000002 0.000001 
198 1 0.000000 0.000001 0.000001 0.000001 0.000001 0.000001 0.000002 0.000001 0.000003 0.000001 0.000001 0.000001 0.000002 0.000001 
199 0 0.000000 0.000001 0.000001 0.000001 0.000001 0.000001 0.000002 0.000001 0.000003 0.000001 0.000001 0.000001 0.000002 0.000001 
200 0 0.000000 0.000001 0.000001 0.000001 0.000001 0.000001 0.000002 0.000001 0.000003 0.000001 0.000001 0.000001 0.000002 0.000001 
201 0 0.000000 0.000001 0.000001 0.000001 0.000001 0.000001 0.000002 0.000001 0.000003 0.000001 0.000001 0.000001 0.000002 0.000001 
202 0 0.000000 0.000001 0.000001 0.000001 0.000001 0.000001 0.000002 0.000001 0.000003 0.000001 0.000001 0.000001 0.000002 0.000001 
203 0 0.000000 0.000001 0.000001 0.000001 0.000001 0.000001 0.000002 0.000001 0.000003 0.000001 0.000001 0.000001 0.000002 0.000001 
204 0 0.000000 0.000001 0.000001 0.000001 0.000001 0.000001 0.000002 0.000001 0.000003 0.000001 0.000001 0.000001 0.000002 0.000001 
205 0 0.000000 0.000001 0.000001 0.000001 0.000001 0.000001 0.000002 0.000001 0.000003 0.000001 0.000001 0.000001 0.000002 0.000001 
206 0 0.000000 0.000001 0.000001 0.000001 0.000001 0.000001 0.000002 0.000001 0.000003 0.000001 0.000001 0.000001 0.000002 0.000001 
207 0 0.000000 0.000001 0.000001 0.000001 0.000001 0.000001 0.000002 0.000001 0.000003 0.000001 0.000001 0.000001 0.000002 0.000001 
208 1 0.000000 0.000001 0.000001 0.000001 0.000001 0.000001 0.000002 0.000001 0.000003 0.000001 0.000001 0.000001 0.000002 0.000001 
209 0 0.000000 0.000001 0.000001 0.000001 0.000001 0.000001 0.000002 0.000001 0.000003 0.000001 0.000001 0.000001 0.000002 0.000001 
210 0 0.000000 0.000001 0.000001 0.000001 0.000001 0.000001 0.000002 0.000001 0.000003 0.000001 0.000001 0.000001 0.000002 0.000001 
211 0 0.000000 0.000001 0.000001 0.000001 0.000001 0.000001 0.000002 0.000001 0.000003 0.000001 0.000001 0.000001 0.000002 0.000001 
212 0 0.000000 0.000001 0.000001 0.000001 0.000001 0.000001 0.000002 0.000001 0.000003 0.000001 0.000001 0.000001 0.000002 0.000001 
213 1 0.000000 0.000001 0.000001 0.000001 0.000001 0.000001 0.000002 0.000001 0.000003 0.000001 0.000001 0.000001 0.000002 0.000001 
214 1 0.000000 0.000001 0.000001 0.000001 0.000001 0.000001 0.000002 0.000001 0.000003 0.000001 0.000001 0.000001 0.000002 0.000001 
215 0 0.000000 0.000001 0.000001 0.000001 0.000001 0.000001 0.000002 0.000001 0.000003 0.000001 0.000001 0.000001 0.000002 0.000001 
216 1 0.000000 0.000001 0.000001 0.000001 0.000001 0.000001 0.000002 0.000001 0.000003 0.000001 0.000001 0.000001 0.000002 0.000001 
217 0 0.000000 0.000001 0.000001 0.000001 0.000001 0.000001 0.000002 0.000001 0.000003 0.000001 0.000001 0.000001 0.000002 0.000001 
218 1 0.000000 0.000001 0.000001 0.000001 0.000001 0.000001 0.000002 0.000001 0.000003 0.000001 0.000001 0.000001 0.000002 0.000001 
219 0 0.000000 0.000001 0.000001 0.000001 0.000001 0.000001 0.000002 0.000001 0.000003 0.000001 0.000001 0.000001 0.000002 0.000001 
220 1 0.000000 0.000001 0.000001 0.000001 0.000001 0.000001 0.000002 0.000001 0.000003 0.000001 0.000001 0.000001 0.000002 0.000001 
221 1 0.000000 0.000001 0.000001 0.000001 0.000001 0.000001 0.000002 0.000001 0.000003 0.000001 0.000001 0.000001 0.000002 0.000001 
222 0 0.000000 0.000001 0.000001 0.000001 0.000001 0.000001 0.000002 0.000001 0.000003 0.000001 0.000001 0.000001 0.000002 0.000001 
223 0 0.000000 0.000001 0.000001 0.000001 0.000001 0.000001 0.000002 0.000001 0.000003 0.000001 0.000001 0.000001 0.000002 0.000001 
224 0 0.000000 0.000001 0.000001 0.000001 0.000001 0.000001 0.000002 0.000001 0.000003 0.000001 0.000001 0.000001 0.000002 0.000001 
225 0 0.000000 0.000001 0.000001 0.000001 0.000001 0.000001 0.000002 0.000001 0.000003 0.000001 0.000001 0.000001 0.000002 0.000001 
226 1 0.000000 0.000001 0.000001 0.000001 0.000001 0.000001 0.000002 0.000001 0.000003 0.000001 0.000001 0.000001 0.000002 0.000001 
227 0 0.000000 0.000001 0.000001 0.000001 0.000001 0.000001 0.000002 0.000001 0.000003 0.000001 0.000001 0.000001 0.000002 0.000001 
228 0 0.000000 0.000001 0.000001 0.000001 0.000001 0.000001 0.000002 0.000001 0.000003 0.000001 0.000001 0.000001 0.000002 0.000001 
229 0 0.000000 0.000001 0.000001 0.000001 0.000001 0.000001 0.000002 0.000001 0.000003 0.000001 0.000001 0.000001 0.000002 0.000001 
230 1 0.000000 0.000001 0.000001 0.000001 0.000001 0.000001 0.000002 0.000001 0.000003 0.000001 0.000001 0.000001 0.000002 0.000001 
231 0 0.000000 0.000001 0.000001 0.000001 0.000001 0.000001 0.000002 0.000001 0.000003 0.000001 0.000001 0.000001 0.000002 0.000001 
232 1 0.000000 0.000001 0.000001 0.000001 0.000001 0.000001 0.000002 0.000001 0.000003 0.000001 0.000001 0.000001 0.000002 0.000001 
233 0 0.000000 0.000001 0.000001 0.000001 0.000001 0.000001 0.000002 0.000001 0.000003 0.000001 0.000001 0.000001 0.000002 0.000001 
234 1 0.000000 0.000001 0.000001 0.000001 0.000001 0.000001 0.000002 0.000001 0.000003 0.000001 0.000001 0.000001 0.000002 0.000001 
235 0 0.000000 0.000001 0.000001 0.000001 0.000001 0.000001 0.000002 0.000001 0.000003 0.000001 0.000001 0.000001 0.000002 0.000001 
236 0 0.000000 0.000001 0.000001 0.000001 0.000001 0.000001 0.000002 0.000001 0.000003 0.000001 0.000001 0.000001 0.000002 0.000001 
237 0 0.000000 0.000001 0.000001 0.000001 0.000001 0.000001 0.000002 0.000001 0.000003 0.000001 0.000001 0.000001 0.000002 0.000001 
238 0 0.000000 0.000001 0.000001 0.000001 0.000001 0.000001 0.000002 0.000001 0.000003 0.000001 0.000001 0.000001 0.000002 0.000001 
239 0 0.000000 0.000001 0.000001 0.000001 0.000001 0.000001 0.000002 0.000001 0.000003 0.000001 0.000001 0.000001 0.000002 0.000001 
240 1 0.000000 0.000001 0.000001 0.000001 0.000001 0.000001 0.000002 0.000001 0.000003 0.000001 0.000001 0.000001 0.000002 0.000001 
241 0 0.000000 0.000001 0.000001 0.000001 0.000001 0.000001 0.000002 0.000001 0.000003 0.000001 0.000001 0.000001 0.000002 0.000001 
242 0 0.000000 0.000001 0.000001 0.000001 0.000001 0.000001 0.000002 0.000001 0.000003 0.000001 0.000001 0.000001 0.000002 0.000001 
243 0 0.000000 0.000001 0.000001 0.000001 0.000001 0.000001 0.000002 0.000001 0.000003 0.000001 0.000001 0.000001 0.000002 0.000001 
244 0 0.000000 0.000001 0.000001 0.000001 0.000001 0.000001 0.000002 0.000001 0.000003 0.000001 0.000001 0.000001 0.000002 0.000001 
245 0 0.000000 0.000001 0.000001 0.000001 0.000001 0.000001 0.000002 0.000001 0.000003 0.000001 0.000001 0.000001 0.000002 0.000001 
246 0 0.000000 0.000001 0.000001 0.000001 0.000001 0.000001 0.000002 0.000001 0.000003 0.000001 0.000001 0.000001 0.000002 0.000001 
247 1 0.000000 0.000001 0.000001 0.000001 0.000001 0.000001 0.000002 0.000001 0.000003 0.000001 0.000001 0.000001 0.000002 0.000001 
248 0 0.000000 0.000001 0.000001 0.000001 0.000001 0.000001 0.000002 0.000001 0.000003 0.000001 0.000001 0.000001 0.000002 0.000001 
249 0 0.000000 0.000001 0.000001 0.000001 0.000001 0.000001 0.000002 0.000001 0.000003 0.000001 0.000001 0.000001 0.000002 0.000001 
250 0 0.000000 0.000001 0.000001 0.000001 0.000001 0.000001 0.000002 0.000001 0.000003 0.000001 0.000001 0.000001 0.000002 0.000001 
251 0 0.000000 0.000001 0.000001 0.000001 0.000001 0.000001 0.000002 0.000001 0.000003 0.000001 0.000001 0.000001 0.000002 0.000001 
252 0 0.000000 0.000001 0.000001 0.000001 0.000001 0.000001 0.000002 0.000001 0.000003 0.000001 0.000001 0.000001 0.000002 0.000001 
253 1 0.000000 0.000001 0.000001 0.000001 0.000001 0.000001 0.000002 0.000001 0.000003 0.000001 0.000001 0.000001 0.000002 0.000001 
254 1 0.000000 0.000001 0.000001 0.000001 0.000001 0.000001 0.000002 0.000001 0.000003 0.000001 0.000001 0.000001 0.000002 0.000001 
255 0 0.000000 0.000001 0.000001 0.000001 0.000001 0.000001 0.000002 0.000001 0.000003 0.000001 0.000001 0.000001 0.000002 0.000001 
256 1 0.000000 0.000001 0.000001 0.000001 0.000001 0.000001 0.000002 0.000001 0.000003 0.000001 0.000001 0.000001 0.000002 0.000001 
257 0 0.000000 0.000001 0.000001 0.000001 0.000001 0.000001 0.000002 0.000001 0.000003 0.000001 0.000001 0.000001 0.000002 0.000001 
258 1 0.000000 0.000001 0.000001 0.000001 0.000001 0.000001 0.000002 0.000001 0.000003 0.000001 0.000001 0.000001 0.000002 0.000001 
259 1 0.000000 0.000001 0.000001 0.000001 0.000001 0.000001 0.000002 0.000001 0.000003 0.000001 0.000001 0.000001 0.000002 0.000001 
260 1 0.000000 0.000001 0.000001 0.000001 0.000001 0.000001 0.000002 0.000001 0.000003 0.000001 0.000001 0.000001 0.000002 0.000001 
261 0 0.000000 0.000001 0.000001 0.000001 0.000001 0.000001 0.000002 0.000001 0.000003 0.000001 0.000001 0.000001 0.000002 0.000001 
262 0 0.000000 0.000001 0.000001 0.000001 0.000001 0.000001 0.000002 0.000001 0.000003 0.000001 0.000001 0.000001 0.000002 0.000001 
263 0 0.000000 0.000001 0.000001 0.000001 0.000001 0.000001 0.000002 0.000001 0.000003 0.000001 0.000001 0.000001 0.000002 0.000001 
264 0 0.000000 0.000001 0.000001 0.000001 0.000001 0.000001 0.000002 0.000001 0.000003 0.000001 0.000001 0.000001 0.000002 0.000001 
265 0 0.000000 0.000001 0.000001 0.000001 0.000001 0.000001 0.000002 0.000001 0.000003 0.000001 0.000001 0.000001 0.000002 0.000001 
266 0 0.000000 0.000001 0.000001 0.000001 0.000001 0.000001 0.000002 0.000001 0.000003 0.000001 0.000001 0.000001 0.000002 0.000001 
267 0 0.000000 0.000001 0.000001 0.000001 0.000001 0.000001 0.000002 0.000001 0.000003 0.000001 0.000001 0.000001 0.000002 0.000001 
268 0 0.000000 0.000001 0.000001 0.000001 0.000001 0.000001 0.000002 0.000001 0.000003 0.000001 0.000001 0.000001 0.000002 0.000001 
269 0 0.000000 0.000001 0.000001 0.000001 0.000001 0.000001 0.000002 0.000001 0.000003 0.000001 0.000001 0.000001 0.000002 0.000001 
270 0 0.000000 0.000001 0.000001 0.000001 0.000001 0.000001 0.000002 0.000001 0.000003 0.000001 0.000001 0.000001 0.000002 0.000001 
271 0 0.000000 0.000001 0.000001 0.000001 0.000001 0.000001 0.000002 0.000001 0.000003 0.000001 0.000001 0.000001 0.000002 0.000001 
272 0 0.000000 0.000001 0.000001 0.000001 0.000001 0.000001 0.000002 0.000001 0.000003 0.000001 0.000001 0.000001 0.000002 0.000001 
273 1 0.000000 0.000001 0.000001 0.000001 0.000001 0.000001 0.000002 0.000001 0.000003 0.000001 0.000001 0.000001 0.000002 0.000001 
274 0 0.000000 0.000001 0.000001 0.000001 0.000001 0.000001 0.000002 0.000001 0.000003 0.000001 0.000001 0.000001 0.000002 0.000001 
275 0 0.000000 0.000001 0.000001 0.000001 0.000001 0.000001 0.000002 0.000001 0.000003 0.000001 0.000001 0.000001 0.000002 0.000001 
276 1 0.000000 0.000001 0.000001 0.000001 0.000001 0.000001 0.000002 0.000001 0.000003 0.000001 0.000001 0.000001 0.000002 0.000001 
277 0 0.000000 0.000001 0.000001 0.000001 0.000001 0.000001 0.000002 0.000001 0.000003 0.000001 0.000001 0.000001 0.000002 0.000001 
278 0 0.000000 0.000001 0.000001 0.000001 0.000001 0.000001 0.000002 0.000001 0.000003 0.000001 0.000001 0.000001 0.000002 0.000001 
279 0 0.000000 0.000001 0.000001 0.000001 0.000001 0.000001 0.000002 0.000001 0.000003 0.000001 0.000001 0.000001 0.000002 0.000001 
280 0 0.000000 0.000001 0.000001 0.000001 0.000001 0.000001 0.000002 0.000001 0.000003 0.000001 0.000001 0.000001 0.000002 0.000001 
281 0 0.000000 0.000001 0.000001 0.000001 0.000001 0.000001 0.000002 0.000001 0.000003 0.000001 0.000001 0.000001 0.000002 0.000001 
282 1 0.000000 0.000001 0.000001 0.000001 0.000001 0.000001 0.000002 0.000001 0.000003 0.000001 0.000001 0.000001 0.000002 0.000001 
283 0 0.000000 0.000001 0.000001 0.000001 0.000001 0.000001 0.000002 0.000001 0.000003 0.000001 0.000001 0.000001 0.000002 0.000001 
284 0 0.000000 0.000001 0.000001 0.000001 0.000001 0.000001 0.000002 0.000001 0.000003 0.000001 0.000001 0.000001 0.000002 0.000001 
285 0 0.000000 0.000001 0.000001 0.000001 0.000001 0.000001 0.000002 0.000001 0.000003 0.000001 0.000001 0.000001 0.000002 0.000001 
286 1 0.000000 0.000001 0.000001 0.000001 0.000001 0.000001 0.000002 0.000001 0.000003 0.000001 0.000001 0.000001 0.000002 0.000001 
287 1 0.000000 0.000001 0.000001 0.000001 0.000001 0.000001 0.000002 0.000001 0.000003 0.000001 0.000001 0.000001 0.000002 0.000001 
288 0 0.000000 0.000001 0.000001 0.000001 0.000001 0.000001 0.000002 0.000001 0.000003 0.000001 0.000001 0.000001 0.000002 0.000001 
289 0 0.000000 0.000001 0.000001 0.000001 0.000001 0.000001 0.000002 0.000001 0.000003 0.000001 0.000001 0.000001 0.000002 0.000001 
290 0 0.000000 0.000001 0.000001 0.000001 0.000001 0.000001 0.000002 0.000001 0.000003 0.000001 0.000001 0.000001 0.000002 0.000001 
291 0 0.000000 0.000001 0.000001 0.000001 0.000001 0.000001 0.000002 0.000001 0.000003 0.000001 0.000001 0.000001 0.000002 0.000001 
292 0 0.000000 0.000001 0.000001 0.000001 0.000001 0.000001 0.000002 0.000001 0.000003 0.000001 0.000001 0.000001 0.000002 0.000001 
293 0 0.000000 0.000001 0.000001 0.000001 0.000001 0.000001 0.000002 0.000001 0.000003 0.000001 0.000001 0.000001 0.000002 0.000001 
294 1 0.000000 0.000001 0.000001 0.000001 0.000001 0.000001 0.000002 0.000001 0.000003 0.000001 0.000001 0.000001 0.000002 0.000001 
295 1 0.000000 0.000001 0.000001 0.000001 0.000001 0.000001 0.000002 0.000001 0.000003 0.000001 0.000001 0.000001 0.000002 0.000001 
296 0 0.000000 0.000001 0.000001 0.000001 0.000001 0.000001 0.000002 0.000001 0.000003 0.000001 0.000001 0.000001 0.000002 0.000001 
297 0 0.000000 0.000001 0.000001 0.000001 0.000001 0.000001 0.000002 0.000001 0.000003 0.000001 0.000001 0.000001 0.000002 0.000001 
298 1 0.000000 0.000001 0.000001 0.000001 0.000001 0.000001 0.000002 0.000001 0.000003 0.000001 0.000001 0.000001 0.000002 0.000001 
