299 2 8 
0 1 0.000022 0.001104 0.001125 0.001124 0.001110 0.001125 0.000962 0.001125 
1 1 0.000022 0.001105 0.001126 0.001125 0.001111 0.001126 0.000963 0.001126 
2 0 0.000022 0.001105 0.001126 0.001126 0.001112 0.001127 0.000963 0.001126 
3 0 0.000022 0.001105 0.001126 0.001126 0.001112 0.001127 0.000963 0.001126 
4 1 0.000022 0.001103 0.001124 0.001124 0.001110 0.001125 0.000962 0.001125 
5 0 0.000022 0.001105 0.001126 0.001126 0.001112 0.001127 0.000963 0.001126 
6 1 0.000022 0.001103 0.001124 0.001124 0.001110 0.001125 0.000962 0.001124 
7 0 0.000022 0.001105 0.001126 0.001126 0.001112 0.001127 0.000963 0.001126 
8 0 0.000022 0.001105 0.001126 0.001125 0.001111 0.001126 0.000963 0.001126 
9 0 0.000022 0.001104 0.001125 0.001124 0.001110 0.001125 0.000962 0.001125 
10 0 0.000022 0.001105 0.001126 0.001126 0.001112 0.001127 0.000963 0.001126 
11 0 0.000022 0.001103 0.001124 0.001124 0.001110 0.001125 0.000962 0.001125 
12 0 0.000022 0.001105 0.001126 0.001125 0.001111 0.001126 0.000963 0.001126 
13 0 0.000022 0.001103 0.001124 0.001124 0.001110 0.001125 0.000962 0.001125 
14 0 0.000022 0.001105 0.001126 0.001126 0.001112 0.001127 0.000963 0.001127 
15 0 0.000022 0.001103 0.001124 0.001123 0.001109 0.001124 0.000962 0.001124 
16 1 0.000022 0.001103 0.001124 0.001124 0.001110 0.001125 0.000962 0.001124 
17 1 0.000022 0.001104 0.001125 0.001125 0.001111 0.001126 0.000963 0.001126 
18 0 0.000022 0.001104 0.001125 0.001124 0.001110 0.001125 0.000962 0.001125 
19 0 0.000022 0.001104 0.001125 0.001124 0.001110 0.001125 0.000962 0.001125 
20 0 0.000022 0.001105 0.001126 0.001126 0.001112 0.001127 0.000963 0.001126 
21 0 0.000022 0.001105 0.001126 0.001126 0.001112 0.001127 0.000963 0.001126 
22 1 0.000022 0.001103 0.001124 0.001124 0.001110 0.001125 0.000962 0.001125 
23 1 0.000022 0.001103 0.001124 0.001124 0.001110 0.001125 0.000962 0.001124 
24 1 0.000022 0.001105 0.001126 0.001126 0.001112 0.001127 0.000963 0.001126 
25 0 0.000022 0.001104 0.001125 0.001124 0.001110 0.001125 0.000962 0.001125 
26 0 0.000022 0.001104 0.001125 0.001125 0.001111 0.001126 0.000963 0.001125 
27 0 0.000022 0.001105 0.001126 0.001126 0.001112 0.001127 0.000963 0.001126 
28 1 0.000022 0.001102 0.001123 0.001122 0.001109 0.001123 0.000961 0.001123 
29 0 0.000022 0.001104 0.001126 0.001125 0.001111 0.001126 0.000963 0.001126 
30 0 0.000022 0.001104 0.001125 0.001125 0.001111 0.001126 0.000962 0.001125 
31 0 0.000022 0.001103 0.001124 0.001124 0.001110 0.001125 0.000962 0.001125 
32 0 0.000022 0.001104 0.001125 0.001124 0.001110 0.001125 0.000962 0.001125 
33 0 0.000022 0.001104 0.001125 0.001124 0.001110 0.001125 0.000962 0.001125 
34 0 0.000022 0.001103 0.001124 0.001124 0.001110 0.001125 0.000962 0.001125 
35 1 0.000022 0.001105 0.001126 0.001125 0.001111 0.001126 0.000963 0.001126 
36 0 0.000022 0.001105 0.001126 0.001125 0.001111 0.001126 0.000963 0.001126 
37 1 0.000022 0.001103 0.001125 0.001124 0.001110 0.001125 0.000962 0.001125 
38 1 0.000022 0.001105 0.001126 0.001125 0.001111 0.001126 0.000963 0.001126 
39 1 0.000022 0.001105 0.001126 0.001125 0.001111 0.001126 0.000963 0.001126 
40 0 0.000022 0.001104 0.001125 0.001124 0.001110 0.001125 0.000962 0.001125 
41 0 0.000022 0.001103 0.001124 0.001124 0.001110 0.001125 0.000962 0.001125 
42 0 0.000022 0.001103 0.001124 0.001124 0.001110 0.001125 0.000962 0.001125 
43 1 0.000022 0.001105 0.001126 0.001125 0.001111 0.001126 0.000963 0.001126 
44 0 0.000022 0.001105 0.001126 0.001126 0.001112 0.001127 0.000963 0.001126 
45 0 0.000022 0.001105 0.001126 0.001126 0.001112 0.001127 0.000963 0.001126 
46 0 0.000022 0.001104 0.001125 0.001125 0.001111 0.001126 0.000963 0.001125 
47 0 0.000022 0.001104 0.001125 0.001124 0.001110 0.001125 0.000962 0.001125 
48 0 0.000022 0.001103 0.001124 0.001123 0.001109 0.001124 0.000962 0.001124 
49 0 0.000022 0.001104 0.001126 0.001125 0.001111 0.001126 0.000963 0.001126 
50 0 0.000022 0.001105 0.001126 0.001126 0.001112 0.001127 0.000963 0.001126 
51 1 0.000022 0.001104 0.001125 0.001125 0.001111 0.001126 0.000962 0.001125 
52 0 0.000022 0.001104 0.001125 0.001124 0.001110 0.001125 0.000962 0.001125 
53 1 0.000022 0.001105 0.001126 0.001125 0.001111 0.001126 0.000963 0.001126 
54 0 0.000022 0.001104 0.001126 0.001125 0.001111 0.001126 0.000963 0.001126 
55 0 0.000022 0.001104 0.001125 0.001125 0.001111 0.001126 0.000963 0.001125 
56 1 0.000022 0.001104 0.001125 0.001124 0.001110 0.001125 0.000962 0.001125 
57 0 0.000022 0.001104 0.001125 0.001124 0.001110 0.001125 0.000962 0.001125 
58 1 0.000022 0.001105 0.001126 0.001125 0.001112 0.001127 0.000963 0.001126 
59 0 0.000022 0.001103 0.001124 0.001124 0.001110 0.001125 0.000962 0.001125 
60 0 0.000022 0.001103 0.001124 0.001124 0.001110 0.001125 0.000962 0.001125 
61 0 0.000022 0.001105 0.001126 0.001126 0.001112 0.001127 0.000963 0.001126 
62 1 0.000022 0.001105 0.001126 0.001126 0.001112 0.001127 0.000963 0.001126 
63 1 0.000022 0.001104 0.001125 0.001125 0.001111 0.001126 0.000963 0.001125 
64 0 0.000022 0.001104 0.001125 0.001124 0.001111 0.001126 0.000962 0.001125 
65 0 0.000022 0.001104 0.001125 0.001124 0.001110 0.001125 0.000962 0.001125 
66 0 0.000022 0.001104 0.001125 0.001124 0.001110 0.001125 0.000962 0.001125 
67 0 0.000022 0.001105 0.001126 0.001126 0.001112 0.001127 0.000963 0.001126 
68 0 0.000022 0.001104 0.001125 0.001124 0.001110 0.001125 0.000962 0.001125 
69 0 0.000022 0.001105 0.001127 0.001126 0.001112 0.001127 0.000964 0.001127 
70 1 0.000022 0.001102 0.001123 0.001122 0.001109 0.001123 0.000961 0.001123 
71 0 0.000022 0.001103 0.001124 0.001124 0.001110 0.001125 0.000962 0.001125 
72 0 0.000022 0.001104 0.001125 0.001124 0.001110 0.001125 0.000962 0.001125 
73 1 0.000022 0.001103 0.001124 0.001123 0.001109 0.001124 0.000962 0.001124 
74 0 0.000022 0.001104 0.001125 0.001124 0.001110 0.001125 0.000962 0.001125 
75 0 0.000022 0.001103 0.001124 0.001124 0.001110 0.001125 0.000962 0.001125 
76 0 0.000022 0.001103 0.001124 0.001124 0.001110 0.001125 0.000962 0.001125 
77 0 0.000022 0.001105 0.001126 0.001126 0.001112 0.001127 0.000963 0.001126 
78 0 0.000022 0.001103 0.001124 0.001124 0.001110 0.001125 0.000962 0.001125 
79 0 0.000022 0.001103 0.001124 0.001124 0.001110 0.001125 0.000962 0.001124 
80 1 0.000022 0.001105 0.001126 0.001125 0.001111 0.001126 0.000963 0.001126 
81 1 0.000022 0.001104 0.001125 0.001125 0.001111 0.001126 0.000963 0.001125 
82 0 0.000022 0.001105 0.001126 0.001126 0.001112 0.001127 0.000963 0.001126 
83 0 0.000022 0.001104 0.001125 0.001124 0.001110 0.001125 0.000962 0.001125 
84 0 0.000022 0.001104 0.001125 0.001124 0.001110 0.001125 0.000962 0.001125 
85 1 0.000022 0.001105 0.001126 0.001125 0.001111 0.001126 0.000963 0.001126 
86 0 0.000022 0.001104 0.001125 0.001124 0.001111 0.001126 0.000962 0.001125 
87 1 0.000022 0.001103 0.001124 0.001124 0.001110 0.001125 0.000962 0.001124 
88 1 0.000022 0.001102 0.001123 0.001122 0.001109 0.001123 0.000961 0.001123 
89 1 0.000022 0.001105 0.001126 0.001125 0.001111 0.001126 0.000963 0.001126 
90 1 0.000022 0.001103 0.001124 0.001124 0.001110 0.001125 0.000962 0.001124 
91 0 0.000022 0.001103 0.001124 0.001123 0.001109 0.001124 0.000962 0.001124 
92 1 0.000022 0.001103 0.001124 0.001124 0.001110 0.001125 0.000962 0.001124 
93 0 0.000022 0.001104 0.001126 0.001125 0.001111 0.001126 0.000963 0.001126 
94 1 0.000022 0.001105 0.001126 0.001125 0.001111 0.001126 0.000963 0.001126 
95 1 0.000022 0.001103 0.001124 0.001124 0.001110 0.001125 0.000962 0.001125 
96 0 0.000022 0.001104 0.001125 0.001124 0.001110 0.001125 0.000962 0.001125 
97 0 0.000022 0.001103 0.001124 0.001124 0.001110 0.001125 0.000962 0.001125 
98 0 0.000022 0.001103 0.001124 0.001124 0.001110 0.001125 0.000962 0.001124 
99 1 0.000022 0.001103 0.001124 0.001124 0.001110 0.001125 0.000962 0.001125 
100 1 0.000022 0.001103 0.001124 0.001124 0.001110 0.001125 0.000962 0.001124 
101 0 0.000022 0.001104 0.001125 0.001124 0.001110 0.001125 0.000962 0.001125 
102 0 0.000022 0.001104 0.001125 0.001124 0.001110 0.001125 0.000962 0.001125 
103 1 0.000022 0.001105 0.001126 0.001125 0.001111 0.001126 0.000963 0.001126 
104 0 0.000022 0.001104 0.001125 0.001124 0.001110 0.001125 0.000962 0.001125 
105 0 0.000022 0.001105 0.001126 0.001125 0.001111 0.001126 0.000963 0.001126 
106 0 0.000022 0.001103 0.001124 0.001124 0.001110 0.001125 0.000962 0.001125 
107 0 0.000022 0.001103 0.001124 0.001124 0.001110 0.001125 0.000962 0.001125 
108 1 0.000022 0.001103 0.001124 0.001124 0.001110 0.001125 0.000962 0.001125 
109 1 0.000022 0.001103 0.001124 0.001124 0.001110 0.001125 0.000962 0.001124 
110 0 0.000022 0.001105 0.001126 0.001126 0.001112 0.001127 0.000963 0.001126 
111 0 0.000022 0.001105 0.001126 0.001126 0.001112 0.001127 0.000963 0.001126 
112 0 0.000022 0.001103 0.001124 0.001124 0.001110 0.001125 0.000962 0.001125 
113 0 0.000022 0.001105 0.001126 0.001126 0.001112 0.001127 0.000963 0.001126 
114 0 0.000022 0.001105 0.001126 0.001126 0.001112 0.001127 0.000963 0.001126 
115 0 0.000022 0.001105 0.001126 0.001126 0.001112 0.001127 0.000963 0.001126 
116 0 0.000022 0.001105 0.001126 0.001125 0.001111 0.001126 0.000963 0.001126 
117 1 0.000022 0.001103 0.001124 0.001124 0.001110 0.001125 0.000962 0.001125 
118 0 0.000022 0.001104 0.001125 0.001124 0.001110 0.001125 0.000962 0.001125 
119 0 0.000022 0.001103 0.001124 0.001124 0.001110 0.001125 0.000962 0.001125 
120 0 0.000022 0.001103 0.001124 0.001124 0.001110 0.001125 0.000962 0.001125 
121 0 0.000022 0.001103 0.001124 0.001124 0.001110 0.001125 0.000962 0.001125 
122 1 0.000022 0.001105 0.001126 0.001125 0.001111 0.001126 0.000963 0.001126 
123 1 0.000022 0.001105 0.001126 0.001125 0.001111 0.001126 0.000963 0.001126 
124 0 0.000022 0.001103 0.001124 0.001124 0.001110 0.001125 0.000962 0.001125 
125 0 0.000022 0.001103 0.001124 0.001124 0.001110 0.001125 0.000962 0.001124 
126 1 0.000022 0.001105 0.001126 0.001125 0.001111 0.001126 0.000963 0.001126 
127 0 0.000022 0.001105 0.001126 0.001126 0.001112 0.001127 0.000963 0.001126 
128 0 0.000022 0.001105 0.001126 0.001126 0.001112 0.001127 0.000963 0.001127 
129 0 0.000022 0.001105 0.001126 0.001126 0.001112 0.001127 0.000963 0.001126 
130 0 0.000022 0.001103 0.001124 0.001123 0.001109 0.001124 0.000962 0.001124 
131 1 0.000022 0.001103 0.001124 0.001124 0.001110 0.001125 0.000962 0.001125 
132 0 0.000022 0.001103 0.001124 0.001124 0.001110 0.001125 0.000962 0.001125 
133 0 0.000022 0.001105 0.001126 0.001125 0.001111 0.001126 0.000963 0.001126 
134 0 0.000022 0.001105 0.001126 0.001126 0.001112 0.001127 0.000963 0.001126 
135 1 0.000022 0.001105 0.001126 0.001125 0.001111 0.001126 0.000963 0.001126 
136 1 0.000022 0.001105 0.001126 0.001125 0.001111 0.001126 0.000963 0.001126 
137 1 0.000022 0.001103 0.001124 0.001124 0.001110 0.001125 0.000962 0.001125 
138 1 0.000022 0.001103 0.001124 0.001124 0.001110 0.001125 0.000962 0.001124 
139 0 0.000022 0.001104 0.001125 0.001125 0.001111 0.001126 0.000963 0.001125 
140 0 0.000022 0.001104 0.001125 0.001124 0.001110 0.001125 0.000962 0.001125 
141 1 0.000022 0.001103 0.001124 0.001124 0.001110 0.001125 0.000962 0.001125 
142 1 0.000022 0.001105 0.001126 0.001125 0.001111 0.001126 0.000963 0.001126 
143 1 0.000022 0.001104 0.001125 0.001125 0.001111 0.001126 0.000962 0.001125 
144 0 0.000022 0.001105 0.001126 0.001125 0.001111 0.001126 0.000963 0.001126 
145 0 0.000022 0.001103 0.001124 0.001123 0.001110 0.001124 0.000962 0.001124 
146 1 0.000022 0.001102 0.001123 0.001122 0.001109 0.001123 0.000961 0.001123 
147 1 0.000022 0.001104 0.001125 0.001124 0.001110 0.001125 0.000962 0.001125 
148 1 0.000022 0.001105 0.001126 0.001125 0.001111 0.001126 0.000963 0.001126 
149 0 0.000022 0.001103 0.001124 0.001124 0.001110 0.001125 0.000962 0.001125 
150 0 0.000022 0.001104 0.001125 0.001124 0.001110 0.001125 0.000962 0.001125 
151 0 0.000022 0.001103 0.001124 0.001124 0.001110 0.001125 0.000962 0.001125 
152 0 0.000022 0.001103 0.001124 0.001124 0.001110 0.001125 0.000962 0.001125 
153 1 0.000022 0.001103 0.001124 0.001124 0.001110 0.001125 0.000962 0.001124 
154 1 0.000022 0.001103 0.001124 0.001124 0.001110 0.001125 0.000962 0.001125 
155 1 0.000022 0.001102 0.001123 0.001122 0.001108 0.001123 0.000961 0.001123 
156 0 0.000022 0.001104 0.001126 0.001125 0.001111 0.001126 0.000963 0.001126 
157 0 0.000022 0.001103 0.001124 0.001123 0.001110 0.001125 0.000962 0.001124 
158 0 0.000022 0.001104 0.001126 0.001125 0.001111 0.001126 0.000963 0.001126 
159 0 0.000022 0.001103 0.001124 0.001124 0.001110 0.001125 0.000962 0.001125 
160 1 0.000022 0.001103 0.001124 0.001124 0.001110 0.001125 0.000962 0.001125 
161 1 0.000022 0.001105 0.001126 0.001126 0.001112 0.001127 0.000963 0.001126 
162 0 0.000022 0.001103 0.001124 0.001124 0.001110 0.001125 0.000962 0.001125 
163 0 0.000022 0.001104 0.001125 0.001124 0.001110 0.001125 0.000962 0.001125 
164 1 0.000022 0.001103 0.001124 0.001124 0.001110 0.001125 0.000962 0.001124 
165 0 0.000022 0.001104 0.001125 0.001125 0.001111 0.001126 0.000962 0.001125 
166 0 0.000022 0.001103 0.001124 0.001124 0.001110 0.001125 0.000962 0.001125 
167 1 0.000022 0.001104 0.001126 0.001125 0.001111 0.001126 0.000963 0.001126 
168 1 0.000022 0.001105 0.001126 0.001125 0.001111 0.001126 0.000963 0.001126 
169 0 0.000022 0.001104 0.001125 0.001124 0.001110 0.001125 0.000962 0.001125 
170 0 0.000022 0.001103 0.001124 0.001124 0.001110 0.001125 0.000962 0.001125 
171 0 0.000022 0.001104 0.001125 0.001125 0.001111 0.001126 0.000962 0.001125 
172 0 0.000022 0.001105 0.001126 0.001126 0.001112 0.001127 0.000963 0.001126 
173 0 0.000022 0.001105 0.001126 0.001126 0.001112 0.001127 0.000963 0.001126 
174 0 0.000022 0.001103 0.001124 0.001124 0.001110 0.001125 0.000962 0.001124 
175 0 0.000022 0.001104 0.001126 0.001125 0.001111 0.001126 0.000963 0.001126 
176 0 0.000022 0.001104 0.001125 0.001124 0.001110 0.001125 0.000962 0.001125 
177 0 0.000022 0.001104 0.001126 0.001125 0.001111 0.001126 0.000963 0.001126 
178 0 0.000022 0.001103 0.001124 0.001124 0.001110 0.001125 0.000962 0.001125 
179 1 0.000022 0.001103 0.001124 0.001124 0.001110 0.001125 0.000962 0.001125 
180 0 0.000022 0.001103 0.001124 0.001124 0.001110 0.001125 0.000962 0.001125 
181 0 0.000022 0.001105 0.001126 0.001126 0.001112 0.001127 0.000963 0.001126 
182 1 0.000022 0.001103 0.001124 0.001124 0.001110 0.001125 0.000962 0.001124 
183 1 0.000022 0.001105 0.001126 0.001125 0.001111 0.001126 0.000963 0.001126 
184 0 0.000022 0.001105 0.001126 0.001126 0.001112 0.001127 0.000963 0.001126 
185 0 0.000022 0.001103 0.001124 0.001124 0.001110 0.001125 0.000962 0.001125 
186 0 0.000022 0.001103 0.001124 0.001124 0.001110 0.001125 0.000962 0.001125 
187 0 0.000022 0.001103 0.001124 0.001124 0.001110 0.001125 0.000962 0.001125 
188 1 0.000022 0.001104 0.001125 0.001125 0.001111 0.001126 0.000962 0.001125 
189 0 0.000022 0.001104 0.001125 0.001125 0.001111 0.001126 0.000963 0.001125 
190 0 0.000022 0.001105 0.001126 0.001126 0.001112 0.001127 0.000963 0.001127 
191 0 0.000022 0.001103 0.001124 0.001124 0.001110 0.001125 0.000962 0.001125 
192 0 0.000022 0.001104 0.001125 0.001125 0.001111 0.001126 0.000963 0.001125 
193 0 0.000022 0.001103 0.001124 0.001123 0.001109 0.001124 0.000962 0.001124 
194 0 0.000022 0.001103 0.001124 0.001124 0.001110 0.001125 0.000962 0.001125 
195 0 0.000022 0.001103 0.001124 0.001124 0.001110 0.001125 0.000962 0.001125 
196 0 0.000022 0.001103 0.001124 0.001124 0.001110 0.001125 0.000962 0.001125 
197 0 0.000022 0.001104 0.001125 0.001124 0.001111 0.001126 0.000962 0.001125 
198 0 0.000022 0.001103 0.001124 0.001124 0.001110 0.001125 0.000962 0.001125 
199 1 0.000022 0.001104 0.001126 0.001125 0.001111 0.001126 0.000963 0.001126 
200 1 0.000022 0.001103 0.001124 0.001124 0.001110 0.001125 0.000962 0.001125 
201 1 0.000022 0.001104 0.001125 0.001125 0.001111 0.001126 0.000963 0.001125 
202 1 0.000022 0.001103 0.001125 0.001124 0.001110 0.001125 0.000962 0.001125 
203 0 0.000022 0.001105 0.001126 0.001126 0.001112 0.001127 0.000963 0.001126 
204 1 0.000022 0.001105 0.001126 0.001125 0.001111 0.001126 0.000963 0.001126 
205 1 0.000022 0.001103 0.001124 0.001124 0.001110 0.001125 0.000962 0.001124 
206 0 0.000022 0.001105 0.001126 0.001126 0.001112 0.001127 0.000963 0.001126 
207 1 0.000022 0.001103 0.001124 0.001124 0.001110 0.001125 0.000962 0.001125 
208 0 0.000022 0.001104 0.001125 0.001124 0.001110 0.001125 0.000962 0.001125 
209 0 0.000022 0.001104 0.001125 0.001124 0.001110 0.001125 0.000962 0.001125 
210 0 0.000022 0.001103 0.001124 0.001124 0.001110 0.001125 0.000962 0.001125 
211 0 0.000022 0.001105 0.001126 0.001126 0.001112 0.001127 0.000963 0.001126 
212 0 0.000022 0.001104 0.001125 0.001125 0.001111 0.001126 0.000963 0.001125 
213 1 0.000022 0.001105 0.001126 0.001126 0.001112 0.001127 0.000963 0.001126 
214 0 0.000022 0.001105 0.001127 0.001126 0.001112 0.001127 0.000964 0.001127 
215 0 0.000022 0.001105 0.001126 0.001125 0.001111 0.001126 0.000963 0.001126 
216 0 0.000022 0.001103 0.001124 0.001124 0.001110 0.001125 0.000962 0.001125 
217 0 0.000022 0.001105 0.001126 0.001126 0.001112 0.001127 0.000963 0.001126 
218 0 0.000022 0.001104 0.001125 0.001124 0.001110 0.001125 0.000962 0.001125 
219 0 0.000022 0.001105 0.001126 0.001126 0.001112 0.001127 0.000963 0.001126 
220 0 0.000022 0.001104 0.001125 0.001125 0.001111 0.001126 0.000963 0.001125 
221 0 0.000022 0.001105 0.001126 0.001126 0.001112 0.001127 0.000963 0.001126 
222 0 0.000022 0.001104 0.001125 0.001124 0.001110 0.001125 0.000962 0.001125 
223 0 0.000022 0.001105 0.001126 0.001125 0.001111 0.001126 0.000963 0.001126 
224 0 0.000022 0.001104 0.001125 0.001124 0.001110 0.001125 0.000962 0.001125 
225 1 0.000022 0.001105 0.001126 0.001125 0.001111 0.001126 0.000963 0.001126 
226 0 0.000022 0.001103 0.001124 0.001124 0.001110 0.001125 0.000962 0.001125 
227 0 0.000022 0.001104 0.001125 0.001124 0.001110 0.001125 0.000962 0.001125 
228 0 0.000022 0.001103 0.001124 0.001124 0.001110 0.001125 0.000962 0.001125 
229 0 0.000022 0.001103 0.001124 0.001124 0.001110 0.001125 0.000962 0.001125 
230 0 0.000022 0.001104 0.001125 0.001125 0.001111 0.001126 0.000963 0.001125 
231 0 0.000022 0.001105 0.001126 0.001126 0.001112 0.001127 0.000963 0.001126 
232 1 0.000022 0.001104 0.001125 0.001125 0.001111 0.001126 0.000962 0.001125 
233 0 0.000022 0.001104 0.001125 0.001125 0.001111 0.001126 0.000963 0.001126 
234 0 0.000022 0.001105 0.001126 0.001125 0.001111 0.001126 0.000963 0.001126 
235 0 0.000022 0.001105 0.001126 0.001126 0.001112 0.001127 0.000963 0.001126 
236 1 0.000022 0.001104 0.001125 0.001124 0.001110 0.001125 0.000962 0.001125 
237 0 0.000022 0.001105 0.001127 0.001126 0.001112 0.001127 0.000964 0.001127 
238 0 0.000022 0.001105 0.001126 0.001126 0.001112 0.001127 0.000963 0.001126 
239 0 0.000022 0.001103 0.001124 0.001124 0.001110 0.001125 0.000962 0.001125 
240 0 0.000022 0.001103 0.001124 0.001123 0.001109 0.001124 0.000962 0.001124 
241 0 0.000022 0.001103 0.001124 0.001124 0.001110 0.001125 0.000962 0.001125 
242 1 0.000022 0.001104 0.001125 0.001125 0.001111 0.001126 0.000962 0.001125 
243 0 0.000022 0.001105 0.001126 0.001126 0.001112 0.001127 0.000963 0.001126 
244 1 0.000022 0.001108 0.001130 0.001129 0.001115 0.001130 0.000966 0.001130 
245 1 0.000022 0.001103 0.001124 0.001124 0.001110 0.001125 0.000962 0.001124 
246 1 0.000022 0.001104 0.001125 0.001124 0.001110 0.001125 0.000962 0.001125 
247 0 0.000022 0.001105 0.001126 0.001126 0.001112 0.001127 0.000963 0.001127 
248 0 0.000022 0.001104 0.001125 0.001125 0.001111 0.001126 0.000962 0.001125 
249 0 0.000022 0.001104 0.001125 0.001125 0.001111 0.001126 0.000962 0.001125 
250 0 0.000022 0.001105 0.001126 0.001126 0.001112 0.001127 0.000963 0.001126 
251 0 0.000022 0.001104 0.001125 0.001124 0.001110 0.001125 0.000962 0.001125 
252 0 0.000022 0.001104 0.001125 0.001124 0.001110 0.001125 0.000962 0.001125 
253 0 0.000022 0.001104 0.001125 0.001124 0.001110 0.001125 0.000962 0.001125 
254 0 0.000022 0.001105 0.001126 0.001126 0.001112 0.001127 0.000963 0.001126 
255 1 0.000022 0.001103 0.001124 0.001124 0.001110 0.001125 0.000962 0.001124 
256 1 0.000022 0.001108 0.001129 0.001128 0.001114 0.001129 0.000965 0.001129 
257 0 0.000022 0.001105 0.001126 0.001126 0.001112 0.001127 0.000963 0.001126 
258 0 0.000022 0.001104 0.001125 0.001125 0.001111 0.001126 0.000963 0.001125 
259 1 0.000022 0.001105 0.001126 0.001125 0.001111 0.001126 0.000963 0.001126 
260 1 0.000022 0.001103 0.001124 0.001124 0.001110 0.001125 0.000962 0.001125 
261 0 0.000022 0.001105 0.001126 0.001126 0.001112 0.001127 0.000963 0.001126 
262 0 0.000022 0.001105 0.001126 0.001126 0.001112 0.001127 0.000963 0.001126 
263 1 0.000022 0.001103 0.001124 0.001124 0.001110 0.001125 0.000962 0.001124 
264 0 0.000022 0.001105 0.001127 0.001126 0.001112 0.001127 0.000964 0.001127 
265 0 0.000022 0.001104 0.001125 0.001125 0.001111 0.001126 0.000963 0.001125 
266 1 0.000022 0.001105 0.001126 0.001125 0.001111 0.001126 0.000963 0.001126 
267 1 0.000022 0.001103 0.001124 0.001124 0.001110 0.001125 0.000962 0.001124 
268 0 0.000022 0.001105 0.001126 0.001126 0.001112 0.001127 0.000963 0.001126 
269 0 0.000022 0.001105 0.001126 0.001126 0.001112 0.001127 0.000963 0.001126 
270 1 0.000022 0.001105 0.001126 0.001125 0.001111 0.001126 0.000963 0.001126 
271 0 0.000022 0.001103 0.001124 0.001124 0.001110 0.001125 0.000962 0.001125 
272 1 0.000022 0.001105 0.001126 0.001125 0.001111 0.001126 0.000963 0.001126 
273 0 0.000022 0.001103 0.001124 0.001124 0.001110 0.001125 0.000962 0.001125 
274 0 0.000022 0.001105 0.001126 0.001126 0.001112 0.001127 0.000963 0.001126 
275 0 0.000022 0.001103 0.001124 0.001124 0.001110 0.001125 0.000962 0.001125 
276 0 0.000022 0.001104 0.001126 0.001125 0.001111 0.001126 0.000963 0.001126 
277 0 0.000022 0.001103 0.001124 0.001124 0.001110 0.001125 0.000962 0.001125 
278 1 0.000022 0.001102 0.001123 0.001122 0.001109 0.001123 0.000961 0.001123 
279 1 0.000022 0.001105 0.001126 0.001125 0.001111 0.001126 0.000963 0.001126 
280 0 0.000022 0.001105 0.001126 0.001126 0.001112 0.001127 0.000963 0.001126 
281 1 0.000022 0.001105 0.001126 0.001125 0.001111 0.001126 0.000963 0.001126 
282 1 0.000022 0.001103 0.001124 0.001124 0.001110 0.001125 0.000962 0.001124 
283 1 0.000022 0.001103 0.001124 0.001124 0.001110 0.001125 0.000962 0.001125 
284 1 0.000022 0.001103 0.001125 0.001124 0.001110 0.001125 0.000962 0.001125 
285 1 0.000022 0.001103 0.001124 0.001124 0.001110 0.001125 0.000962 0.001125 
286 0 0.000022 0.001103 0.001124 0.001124 0.001110 0.001125 0.000962 0.001125 
287 0 0.000022 0.001105 0.001126 0.001125 0.001111 0.001126 0.000963 0.001126 
288 0 0.000022 0.001103 0.001124 0.001124 0.001110 0.001125 0.000962 0.001125 
289 1 0.000022 0.001105 0.001126 0.001126 0.001112 0.001127 0.000963 0.001126 
290 0 0.000022 0.001104 0.001125 0.001124 0.001110 0.001125 0.000962 0.001125 
291 1 0.000022 0.001103 0.001124 0.001124 0.001110 0.001125 0.000962 0.001125 
292 0 0.000022 0.001105 0.001126 0.001125 0.001111 0.001126 0.000963 0.001126 
293 0 0.000022 0.001104 0.001125 0.001124 0.001110 0.001125 0.000962 0.001125 
294 0 0.000022 0.001103 0.001124 0.001124 0.001110 0.001125 0.000962 0.001125 
295 0 0.000022 0.001105 0.001126 0.001125 0.001111 0.001126 0.000963 0.001126 
296 1 0.000022 0.001105 0.001126 0.001126 0.001112 0.001127 0.000963 0.001126 
297 0 0.000022 0.001105 0.001126 0.001126 0.001112 0.001127 0.000963 0.001126 
298 0 0.000022 0.001104 0.001125 0.001124 0.001110 0.001125 0.000962 0.001125 
