299 2 5 
0 0 0.000860 0.000530 0.000950 0.000526 0.000980 
1 0 0.000860 0.000530 0.000951 0.000526 0.000981 
2 0 0.000860 0.000530 0.000950 0.000526 0.000980 
3 0 0.000860 0.000530 0.000950 0.000525 0.000980 
4 0 0.000860 0.000530 0.000951 0.000526 0.000981 
5 1 0.000861 0.000530 0.000951 0.000526 0.000981 
6 0 0.000860 0.000530 0.000950 0.000526 0.000980 
7 0 0.000860 0.000530 0.000950 0.000526 0.000981 
8 0 0.000861 0.000530 0.000951 0.000526 0.000981 
9 0 0.000860 0.000530 0.000950 0.000526 0.000980 
10 0 0.000860 0.000530 0.000950 0.000526 0.000980 
11 0 0.000860 0.000530 0.000950 0.000526 0.000980 
12 1 0.000860 0.000529 0.000950 0.000525 0.000980 
13 0 0.000860 0.000530 0.000950 0.000526 0.000980 
14 0 0.000860 0.000530 0.000951 0.000526 0.000981 
15 0 0.000860 0.000530 0.000951 0.000526 0.000981 
16 0 0.000860 0.000530 0.000951 0.000526 0.000981 
17 0 0.000860 0.000530 0.000950 0.000526 0.000980 
18 0 0.000861 0.000530 0.000952 0.000526 0.000982 
19 1 0.000861 0.000530 0.000951 0.000526 0.000981 
20 1 0.000860 0.000529 0.000950 0.000525 0.000980 
21 1 0.000860 0.000530 0.000950 0.000526 0.000980 
22 1 0.000860 0.000530 0.000950 0.000526 0.000980 
23 1 0.000861 0.000530 0.000951 0.000526 0.000981 
24 0 0.000860 0.000530 0.000950 0.000526 0.000980 
25 0 0.000860 0.000530 0.000950 0.000526 0.000980 
26 0 0.000860 0.000530 0.000950 0.000526 0.000980 
27 1 0.000860 0.000530 0.000950 0.000526 0.000980 
28 0 0.000860 0.000530 0.000950 0.000526 0.000980 
29 0 0.000860 0.000529 0.000950 0.000525 0.000980 
30 0 0.000860 0.000530 0.000951 0.000526 0.000981 
31 0 0.000860 0.000530 0.000951 0.000526 0.000981 
32 0 0.000860 0.000529 0.000950 0.000525 0.000980 
33 0 0.000860 0.000530 0.000950 0.000526 0.000980 
34 1 0.000860 0.000530 0.000950 0.000526 0.000980 
35 0 0.000860 0.000530 0.000950 0.000526 0.000980 
36 0 0.000860 0.000530 0.000950 0.000525 0.000980 
37 0 0.000860 0.000530 0.000951 0.000526 0.000981 
38 0 0.000860 0.000529 0.000950 0.000525 0.000980 
39 1 0.000860 0.000530 0.000950 0.000526 0.000980 
40 0 0.000860 0.000530 0.000950 0.000525 0.000980 
41 0 0.000860 0.000530 0.000950 0.000526 0.000980 
42 1 0.000861 0.000530 0.000951 0.000526 0.000981 
43 0 0.000860 0.000530 0.000950 0.000526 0.000980 
44 0 0.000860 0.000530 0.000950 0.000526 0.000980 
45 1 0.000861 0.000530 0.000951 0.000526 0.000981 
46 1 0.000860 0.000530 0.000950 0.000526 0.000980 
47 1 0.000861 0.000530 0.000951 0.000526 0.000981 
48 0 0.000860 0.000530 0.000950 0.000526 0.000980 
49 0 0.000860 0.000530 0.000950 0.000526 0.000980 
50 0 0.000860 0.000530 0.000950 0.000526 0.000980 
51 0 0.000860 0.000530 0.000951 0.000526 0.000981 
52 0 0.000860 0.000530 0.000950 0.000526 0.000980 
53 0 0.000860 0.000529 0.000950 0.000525 0.000980 
54 0 0.000860 0.000530 0.000950 0.000526 0.000980 
55 0 0.000860 0.000530 0.000950 0.000526 0.000980 
56 0 0.000860 0.000530 0.000950 0.000526 0.000980 
57 1 0.000861 0.000530 0.000951 0.000526 0.000981 
58 0 0.000860 0.000530 0.000950 0.000525 0.000980 
59 0 0.000860 0.000530 0.000950 0.000526 0.000980 
60 1 0.000861 0.000530 0.000951 0.000526 0.000981 
61 0 0.000860 0.000530 0.000950 0.000526 0.000980 
62 1 0.000860 0.000530 0.000950 0.000526 0.000980 
63 1 0.000860 0.000530 0.000950 0.000526 0.000980 
64 0 0.000860 0.000530 0.000950 0.000526 0.000980 
65 0 0.000860 0.000530 0.000950 0.000526 0.000980 
66 0 0.000860 0.000530 0.000950 0.000526 0.000980 
67 0 0.000860 0.000530 0.000951 0.000526 0.000981 
68 0 0.000860 0.000530 0.000950 0.000526 0.000980 
69 0 0.000860 0.000530 0.000950 0.000525 0.000980 
70 0 0.000860 0.000529 0.000950 0.000525 0.000980 
71 0 0.000860 0.000530 0.000951 0.000526 0.000981 
72 0 0.000861 0.000530 0.000951 0.000526 0.000981 
73 1 0.000861 0.000530 0.000951 0.000526 0.000981 
74 1 0.000860 0.000530 0.000950 0.000526 0.000980 
75 0 0.000860 0.000530 0.000950 0.000526 0.000980 
76 0 0.000860 0.000530 0.000950 0.000525 0.000980 
77 1 0.000860 0.000530 0.000951 0.000526 0.000981 
78 1 0.000861 0.000530 0.000951 0.000526 0.000981 
79 1 0.000860 0.000530 0.000950 0.000526 0.000980 
80 0 0.000860 0.000529 0.000950 0.000525 0.000980 
81 0 0.000860 0.000530 0.000951 0.000526 0.000981 
82 1 0.000860 0.000529 0.000950 0.000525 0.000980 
83 0 0.000860 0.000530 0.000950 0.000526 0.000980 
84 0 0.000860 0.000530 0.000950 0.000526 0.000980 
85 0 0.000860 0.000530 0.000950 0.000526 0.000980 
86 1 0.000860 0.000530 0.000950 0.000526 0.000980 
87 0 0.000861 0.000530 0.000951 0.000526 0.000981 
88 0 0.000860 0.000530 0.000951 0.000526 0.000981 
89 1 0.000860 0.000530 0.000951 0.000526 0.000981 
90 0 0.000860 0.000530 0.000950 0.000526 0.000980 
91 0 0.000860 0.000529 0.000950 0.000525 0.000980 
92 0 0.000861 0.000530 0.000951 0.000526 0.000981 
93 0 0.000860 0.000530 0.000950 0.000526 0.000980 
94 1 0.000861 0.000530 0.000951 0.000526 0.000981 
95 0 0.000860 0.000530 0.000950 0.000526 0.000980 
96 0 0.000861 0.000530 0.000951 0.000526 0.000981 
97 0 0.000860 0.000530 0.000950 0.000526 0.000980 
98 0 0.000861 0.000530 0.000951 0.000526 0.000981 
99 0 0.000860 0.000530 0.000951 0.000526 0.000981 
100 0 0.000860 0.000530 0.000950 0.000526 0.000980 
101 0 0.000861 0.000530 0.000951 0.000526 0.000981 
102 1 0.000861 0.000530 0.000951 0.000526 0.000981 
103 0 0.000860 0.000530 0.000951 0.000526 0.000981 
104 0 0.000860 0.000530 0.000951 0.000526 0.000981 
105 0 0.000860 0.000530 0.000951 0.000526 0.000981 
106 1 0.000861 0.000530 0.000951 0.000526 0.000981 
107 0 0.000860 0.000530 0.000950 0.000525 0.000980 
108 0 0.000860 0.000530 0.000950 0.000526 0.000980 
109 1 0.000860 0.000530 0.000950 0.000526 0.000980 
110 0 0.000860 0.000530 0.000950 0.000526 0.000980 
111 1 0.000860 0.000530 0.000950 0.000526 0.000980 
112 0 0.000860 0.000530 0.000951 0.000526 0.000981 
113 0 0.000860 0.000530 0.000950 0.000526 0.000980 
114 0 0.000861 0.000530 0.000951 0.000526 0.000981 
115 0 0.000860 0.000530 0.000950 0.000526 0.000980 
116 0 0.000860 0.000530 0.000950 0.000526 0.000980 
117 1 0.000860 0.000529 0.000950 0.000525 0.000980 
118 0 0.000860 0.000530 0.000950 0.000526 0.000980 
119 0 0.000860 0.000530 0.000950 0.000526 0.000980 
120 0 0.000860 0.000530 0.000950 0.000525 0.000980 
121 0 0.000860 0.000530 0.000950 0.000526 0.000980 
122 0 0.000860 0.000530 0.000951 0.000526 0.000981 
123 0 0.000860 0.000530 0.000950 0.000526 0.000980 
124 0 0.000860 0.000530 0.000950 0.000526 0.000980 
125 0 0.000860 0.000530 0.000951 0.000526 0.000981 
126 0 0.000861 0.000530 0.000951 0.000526 0.000981 
127 0 0.000861 0.000530 0.000951 0.000526 0.000982 
128 0 0.000860 0.000530 0.000950 0.000526 0.000980 
129 0 0.000860 0.000530 0.000950 0.000526 0.000980 
130 0 0.000861 0.000530 0.000951 0.000526 0.000981 
131 0 0.000860 0.000530 0.000950 0.000526 0.000980 
132 0 0.000860 0.000530 0.000950 0.000526 0.000980 
133 0 0.000860 0.000530 0.000950 0.000526 0.000980 
134 0 0.000860 0.000530 0.000950 0.000526 0.000980 
135 0 0.000860 0.000530 0.000950 0.000526 0.000980 
136 0 0.000860 0.000530 0.000951 0.000526 0.000981 
137 0 0.000860 0.000530 0.000951 0.000526 0.000981 
138 0 0.000861 0.000530 0.000951 0.000526 0.000981 
139 1 0.000860 0.000530 0.000950 0.000526 0.000980 
140 0 0.000860 0.000529 0.000950 0.000525 0.000980 
141 0 0.000860 0.000530 0.000950 0.000526 0.000980 
142 0 0.000860 0.000530 0.000950 0.000526 0.000980 
143 0 0.000861 0.000530 0.000951 0.000526 0.000981 
144 0 0.000860 0.000529 0.000950 0.000525 0.000980 
145 0 0.000861 0.000530 0.000951 0.000526 0.000981 
146 0 0.000861 0.000530 0.000951 0.000526 0.000982 
147 0 0.000860 0.000530 0.000951 0.000526 0.000981 
148 1 0.000860 0.000530 0.000951 0.000526 0.000981 
149 0 0.000861 0.000530 0.000951 0.000526 0.000981 
150 1 0.000860 0.000530 0.000950 0.000526 0.000980 
151 0 0.000860 0.000530 0.000950 0.000525 0.000980 
152 0 0.000860 0.000530 0.000951 0.000526 0.000981 
153 1 0.000860 0.000530 0.000950 0.000526 0.000980 
154 0 0.000861 0.000530 0.000951 0.000526 0.000981 
155 0 0.000860 0.000530 0.000950 0.000526 0.000980 
156 1 0.000860 0.000530 0.000950 0.000526 0.000980 
157 1 0.000860 0.000530 0.000950 0.000526 0.000980 
158 0 0.000860 0.000530 0.000950 0.000526 0.000980 
159 0 0.000861 0.000530 0.000951 0.000526 0.000981 
160 0 0.000860 0.000529 0.000950 0.000525 0.000980 
161 0 0.000861 0.000530 0.000951 0.000526 0.000981 
162 0 0.000860 0.000530 0.000951 0.000526 0.000981 
163 0 0.000860 0.000530 0.000950 0.000526 0.000980 
164 0 0.000861 0.000530 0.000951 0.000526 0.000981 
165 0 0.000860 0.000530 0.000950 0.000526 0.000980 
166 1 0.000860 0.000529 0.000950 0.000525 0.000980 
167 0 0.000860 0.000530 0.000950 0.000526 0.000980 
168 1 0.000860 0.000529 0.000950 0.000525 0.000980 
169 0 0.000860 0.000530 0.000951 0.000526 0.000981 
170 0 0.000861 0.000530 0.000951 0.000526 0.000981 
171 1 0.000860 0.000530 0.000950 0.000526 0.000980 
172 0 0.000860 0.000529 0.000950 0.000525 0.000980 
173 0 0.000860 0.000530 0.000950 0.000526 0.000980 
174 0 0.000860 0.000530 0.000950 0.000526 0.000980 
175 0 0.000860 0.000529 0.000950 0.000525 0.000980 
176 0 0.000861 0.000530 0.000951 0.000526 0.000981 
177 0 0.000860 0.000530 0.000950 0.000526 0.000981 
178 1 0.000861 0.000530 0.000951 0.000526 0.000981 
179 1 0.000861 0.000530 0.000951 0.000526 0.000982 
180 0 0.000860 0.000530 0.000951 0.000526 0.000981 
181 0 0.000860 0.000530 0.000950 0.000526 0.000980 
182 1 0.000860 0.000530 0.000950 0.000525 0.000980 
183 1 0.000860 0.000530 0.000951 0.000526 0.000981 
184 1 0.000861 0.000530 0.000951 0.000526 0.000981 
185 0 0.000859 0.000529 0.000949 0.000525 0.000979 
186 0 0.000860 0.000529 0.000950 0.000525 0.000980 
187 0 0.000860 0.000530 0.000950 0.000526 0.000980 
188 1 0.000861 0.000530 0.000951 0.000526 0.000981 
189 1 0.000860 0.000529 0.000950 0.000525 0.000980 
190 0 0.000860 0.000530 0.000950 0.000526 0.000980 
191 0 0.000860 0.000530 0.000950 0.000526 0.000980 
192 0 0.000860 0.000530 0.000950 0.000526 0.000980 
193 0 0.000860 0.000530 0.000951 0.000526 0.000981 
194 0 0.000860 0.000529 0.000950 0.000525 0.000980 
195 1 0.000860 0.000530 0.000950 0.000526 0.000981 
196 1 0.000861 0.000530 0.000951 0.000526 0.000981 
197 0 0.000860 0.000530 0.000950 0.000526 0.000980 
198 0 0.000861 0.000530 0.000951 0.000526 0.000981 
199 0 0.000860 0.000530 0.000951 0.000526 0.000981 
200 0 0.000860 0.000530 0.000950 0.000526 0.000980 
201 1 0.000860 0.000530 0.000950 0.000526 0.000980 
202 0 0.000860 0.000530 0.000950 0.000526 0.000980 
203 1 0.000861 0.000530 0.000951 0.000526 0.000981 
204 1 0.000860 0.000530 0.000950 0.000526 0.000980 
205 1 0.000860 0.000530 0.000950 0.000525 0.000980 
206 0 0.000861 0.000530 0.000952 0.000526 0.000982 
207 1 0.000860 0.000530 0.000951 0.000526 0.000981 
208 1 0.000861 0.000530 0.000952 0.000526 0.000982 
209 1 0.000861 0.000530 0.000951 0.000526 0.000981 
210 0 0.000861 0.000530 0.000951 0.000526 0.000981 
211 1 0.000860 0.000529 0.000950 0.000525 0.000980 
212 0 0.000861 0.000530 0.000951 0.000526 0.000981 
213 1 0.000860 0.000530 0.000950 0.000526 0.000980 
214 0 0.000860 0.000530 0.000950 0.000526 0.000980 
215 0 0.000860 0.000530 0.000950 0.000526 0.000980 
216 1 0.000861 0.000530 0.000951 0.000526 0.000981 
217 1 0.000860 0.000530 0.000950 0.000526 0.000980 
218 1 0.000860 0.000530 0.000950 0.000525 0.000980 
219 1 0.000861 0.000530 0.000951 0.000526 0.000981 
220 1 0.000860 0.000529 0.000950 0.000525 0.000980 
221 1 0.000860 0.000530 0.000950 0.000526 0.000981 
222 0 0.000860 0.000530 0.000950 0.000526 0.000980 
223 0 0.000860 0.000529 0.000950 0.000525 0.000980 
224 1 0.000860 0.000530 0.000950 0.000526 0.000980 
225 1 0.000861 0.000530 0.000951 0.000526 0.000981 
226 0 0.000861 0.000530 0.000951 0.000526 0.000981 
227 0 0.000860 0.000530 0.000951 0.000526 0.000981 
228 0 0.000861 0.000530 0.000951 0.000526 0.000981 
229 0 0.000860 0.000530 0.000950 0.000526 0.000980 
230 0 0.000860 0.000530 0.000951 0.000526 0.000981 
231 0 0.000860 0.000530 0.000950 0.000526 0.000980 
232 0 0.000860 0.000530 0.000951 0.000526 0.000981 
233 0 0.000860 0.000530 0.000951 0.000526 0.000981 
234 0 0.000860 0.000530 0.000950 0.000526 0.000980 
235 0 0.000860 0.000530 0.000950 0.000526 0.000980 
236 1 0.000860 0.000530 0.000950 0.000525 0.000980 
237 0 0.000860 0.000530 0.000950 0.000526 0.000980 
238 0 0.000861 0.000530 0.000951 0.000526 0.000981 
239 0 0.000861 0.000530 0.000951 0.000526 0.000981 
240 0 0.000861 0.000530 0.000951 0.000526 0.000981 
241 0 0.000860 0.000530 0.000951 0.000526 0.000981 
242 0 0.000860 0.000530 0.000951 0.000526 0.000981 
243 1 0.000861 0.000530 0.000951 0.000526 0.000981 
244 1 0.000860 0.000530 0.000950 0.000526 0.000980 
245 0 0.000860 0.000530 0.000950 0.000526 0.000980 
246 0 0.000861 0.000530 0.000951 0.000526 0.000981 
247 0 0.000860 0.000530 0.000950 0.000526 0.000980 
248 1 0.000861 0.000530 0.000951 0.000526 0.000981 
249 0 0.000860 0.000530 0.000950 0.000526 0.000980 
250 0 0.000860 0.000530 0.000950 0.000526 0.000980 
251 0 0.000860 0.000530 0.000950 0.000526 0.000980 
252 1 0.000860 0.000530 0.000950 0.000526 0.000980 
253 0 0.000861 0.000530 0.000951 0.000526 0.000981 
254 1 0.000860 0.000530 0.000950 0.000526 0.000980 
255 0 0.000860 0.000530 0.000950 0.000526 0.000980 
256 0 0.000861 0.000530 0.000951 0.000526 0.000981 
257 1 0.000860 0.000530 0.000951 0.000526 0.000981 
258 1 0.000861 0.000530 0.000952 0.000526 0.000982 
259 1 0.000860 0.000530 0.000950 0.000526 0.000980 
260 1 0.000861 0.000530 0.000951 0.000526 0.000981 
261 1 0.000860 0.000530 0.000950 0.000526 0.000980 
262 0 0.000860 0.000530 0.000950 0.000526 0.000980 
263 0 0.000861 0.000530 0.000951 0.000526 0.000981 
264 0 0.000860 0.000530 0.000950 0.000525 0.000980 
265 0 0.000861 0.000530 0.000951 0.000526 0.000981 
266 0 0.000860 0.000530 0.000950 0.000526 0.000980 
267 0 0.000860 0.000530 0.000950 0.000526 0.000980 
268 0 0.000860 0.000530 0.000950 0.000525 0.000980 
269 0 0.000860 0.000530 0.000951 0.000526 0.000981 
270 0 0.000860 0.000530 0.000950 0.000526 0.000980 
271 1 0.000860 0.000530 0.000950 0.000525 0.000980 
272 0 0.000861 0.000530 0.000951 0.000526 0.000981 
273 1 0.000860 0.000530 0.000950 0.000526 0.000980 
274 0 0.000860 0.000530 0.000951 0.000526 0.000981 
275 0 0.000860 0.000529 0.000950 0.000525 0.000980 
276 0 0.000860 0.000530 0.000951 0.000526 0.000981 
277 1 0.000860 0.000530 0.000950 0.000526 0.000980 
278 0 0.000860 0.000530 0.000950 0.000526 0.000980 
279 0 0.000860 0.000530 0.000950 0.000526 0.000980 
280 1 0.000860 0.000530 0.000951 0.000526 0.000981 
281 0 0.000861 0.000530 0.000951 0.000526 0.000982 
282 0 0.000860 0.000530 0.000950 0.000526 0.000980 
283 0 0.000860 0.000530 0.000950 0.000526 0.000980 
284 1 0.000861 0.000530 0.000951 0.000526 0.000981 
285 0 0.000861 0.000530 0.000951 0.000526 0.000981 
286 1 0.000860 0.000530 0.000950 0.000526 0.000980 
287 0 0.000860 0.000530 0.000950 0.000526 0.000980 
288 0 0.000860 0.000530 0.000951 0.000526 0.000981 
289 0 0.000861 0.000530 0.000951 0.000526 0.000981 
290 0 0.000860 0.000530 0.000951 0.000526 0.000981 
291 0 0.000860 0.000530 0.000951 0.000526 0.000981 
292 0 0.000860 0.000530 0.000950 0.000526 0.000980 
293 1 0.000860 0.000530 0.000951 0.000526 0.000981 
294 0 0.000861 0.000530 0.000951 0.000526 0.000981 
295 1 0.000860 0.000530 0.000950 0.000526 0.000980 
296 0 0.000860 0.000530 0.000950 0.000526 0.000980 
297 0 0.000860 0.000530 0.000950 0.000526 0.000981 
298 0 0.000861 0.000530 0.000951 0.000526 0.000982 
