299 2 5 
0 0 0.000240 0.001051 0.000299 0.000000 0.000236 
1 0 0.000240 0.001052 0.000299 0.000000 0.000236 
2 0 0.000240 0.001050 0.000299 0.000000 0.000236 
3 0 0.000240 0.001051 0.000299 0.000000 0.000236 
4 1 0.000240 0.001051 0.000299 0.000000 0.000236 
5 0 0.000240 0.001050 0.000299 0.000000 0.000236 
6 0 0.000240 0.001050 0.000299 0.000000 0.000236 
7 0 0.000240 0.001048 0.000299 0.000000 0.000236 
8 1 0.000240 0.001050 0.000299 0.000000 0.000236 
9 0 0.000240 0.001050 0.000299 0.000000 0.000236 
10 1 0.000240 0.001050 0.000299 0.000000 0.000236 
11 1 0.000240 0.001051 0.000299 0.000000 0.000236 
12 0 0.000240 0.001048 0.000299 0.000000 0.000236 
13 1 0.000240 0.001050 0.000299 0.000000 0.000236 
14 1 0.000240 0.001051 0.000299 0.000000 0.000236 
15 0 0.000240 0.001051 0.000299 0.000000 0.000236 
16 0 0.000240 0.001050 0.000299 0.000000 0.000236 
17 0 0.000240 0.001052 0.000299 0.000000 0.000236 
18 0 0.000240 0.001050 0.000299 0.000000 0.000236 
19 0 0.000240 0.001052 0.000299 0.000000 0.000236 
20 0 0.000240 0.001052 0.000299 0.000000 0.000236 
21 0 0.000240 0.001052 0.000299 0.000000 0.000236 
22 0 0.000240 0.001051 0.000299 0.000000 0.000236 
23 1 0.000240 0.001050 0.000299 0.000000 0.000236 
24 1 0.000240 0.001050 0.000299 0.000000 0.000236 
25 1 0.000240 0.001050 0.000299 0.000000 0.000236 
26 0 0.000240 0.001051 0.000299 0.000000 0.000236 
27 1 0.000240 0.001049 0.000299 0.000000 0.000236 
28 0 0.000240 0.001050 0.000299 0.000000 0.000236 
29 0 0.000240 0.001050 0.000299 0.000000 0.000236 
30 0 0.000240 0.001050 0.000299 0.000000 0.000236 
31 0 0.000240 0.001051 0.000299 0.000000 0.000236 
32 0 0.000240 0.001050 0.000299 0.000000 0.000236 
33 0 0.000240 0.001050 0.000299 0.000000 0.000236 
34 0 0.000240 0.001050 0.000299 0.000000 0.000236 
35 0 0.000240 0.001051 0.000299 0.000000 0.000236 
36 0 0.000240 0.001050 0.000299 0.000000 0.000236 
37 1 0.000240 0.001051 0.000299 0.000000 0.000236 
38 0 0.000240 0.001050 0.000299 0.000000 0.000236 
39 0 0.000240 0.001051 0.000299 0.000000 0.000236 
40 1 0.000240 0.001051 0.000299 0.000000 0.000236 
41 0 0.000240 0.001051 0.000299 0.000000 0.000236 
42 0 0.000240 0.001050 0.000299 0.000000 0.000236 
43 0 0.000240 0.001049 0.000299 0.000000 0.000236 
44 0 0.000240 0.001051 0.000299 0.000000 0.000236 
45 0 0.000240 0.001051 0.000299 0.000000 0.000236 
46 0 0.000240 0.001051 0.000299 0.000000 0.000236 
47 1 0.000240 0.001048 0.000299 0.000000 0.000236 
48 0 0.000240 0.001050 0.000299 0.000000 0.000236 
49 0 0.000240 0.001050 0.000299 0.000000 0.000236 
50 0 0.000240 0.001052 0.000299 0.000000 0.000236 
51 1 0.000240 0.001051 0.000299 0.000000 0.000236 
52 1 0.000240 0.001051 0.000299 0.000000 0.000236 
53 0 0.000240 0.001050 0.000299 0.000000 0.000236 
54 0 0.000240 0.001051 0.000299 0.000000 0.000236 
55 0 0.000240 0.001051 0.000299 0.000000 0.000236 
56 0 0.000240 0.001051 0.000299 0.000000 0.000236 
57 1 0.000240 0.001051 0.000299 0.000000 0.000236 
58 0 0.000240 0.001051 0.000299 0.000000 0.000236 
59 0 0.000240 0.001049 0.000299 0.000000 0.000236 
60 1 0.000240 0.001048 0.000299 0.000000 0.000236 
61 0 0.000240 0.001051 0.000299 0.000000 0.000236 
62 0 0.000240 0.001052 0.000299 0.000000 0.000236 
63 0 0.000240 0.001052 0.000299 0.000000 0.000236 
64 0 0.000240 0.001051 0.000299 0.000000 0.000236 
65 0 0.000240 0.001050 0.000299 0.000000 0.000236 
66 0 0.000240 0.001048 0.000299 0.000000 0.000236 
67 0 0.000240 0.001051 0.000299 0.000000 0.000236 
68 1 0.000240 0.001050 0.000299 0.000000 0.000236 
69 0 0.000240 0.001050 0.000299 0.000000 0.000236 
70 0 0.000240 0.001050 0.000299 0.000000 0.000236 
71 0 0.000240 0.001048 0.000299 0.000000 0.000236 
72 0 0.000240 0.001051 0.000299 0.000000 0.000236 
73 0 0.000240 0.001050 0.000299 0.000000 0.000236 
74 1 0.000240 0.001051 0.000299 0.000000 0.000236 
75 0 0.000240 0.001050 0.000299 0.000000 0.000236 
76 0 0.000240 0.001051 0.000299 0.000000 0.000236 
77 0 0.000240 0.001050 0.000299 0.000000 0.000236 
78 0 0.000240 0.001050 0.000299 0.000000 0.000236 
79 0 0.000240 0.001052 0.000299 0.000000 0.000236 
80 1 0.000240 0.001050 0.000299 0.000000 0.000236 
81 0 0.000240 0.001050 0.000299 0.000000 0.000236 
82 0 0.000240 0.001049 0.000299 0.000000 0.000236 
83 0 0.000240 0.001050 0.000299 0.000000 0.000236 
84 0 0.000240 0.001050 0.000299 0.000000 0.000236 
85 0 0.000240 0.001052 0.000299 0.000000 0.000236 
86 0 0.000240 0.001052 0.000299 0.000000 0.000236 
87 0 0.000240 0.001052 0.000299 0.000000 0.000236 
88 1 0.000240 0.001051 0.000299 0.000000 0.000236 
89 0 0.000240 0.001050 0.000299 0.000000 0.000236 
90 0 0.000240 0.001052 0.000299 0.000000 0.000236 
91 0 0.000240 0.001050 0.000299 0.000000 0.000236 
92 1 0.000240 0.001051 0.000299 0.000000 0.000236 
93 1 0.000240 0.001050 0.000299 0.000000 0.000236 
94 0 0.000240 0.001050 0.000299 0.000000 0.000236 
95 0 0.000240 0.001050 0.000299 0.000000 0.000236 
96 0 0.000240 0.001050 0.000299 0.000000 0.000236 
97 0 0.000240 0.001051 0.000299 0.000000 0.000236 
98 0 0.000240 0.001052 0.000299 0.000000 0.000236 
99 1 0.000240 0.001050 0.000299 0.000000 0.000236 
100 0 0.000240 0.001050 0.000299 0.000000 0.000236 
101 0 0.000240 0.001050 0.000299 0.000000 0.000236 
102 1 0.000240 0.001048 0.000299 0.000000 0.000236 
103 0 0.000240 0.001050 0.000299 0.000000 0.000236 
104 0 0.000240 0.001049 0.000299 0.000000 0.000236 
105 0 0.000240 0.001050 0.000299 0.000000 0.000236 
106 0 0.000240 0.001052 0.000299 0.000000 0.000236 
107 0 0.000240 0.001048 0.000299 0.000000 0.000236 
108 0 0.000240 0.001050 0.000299 0.000000 0.000236 
109 1 0.000240 0.001050 0.000299 0.000000 0.000236 
110 0 0.000240 0.001048 0.000299 0.000000 0.000236 
111 0 0.000240 0.001050 0.000299 0.000000 0.000236 
112 1 0.000240 0.001051 0.000299 0.000000 0.000236 
113 1 0.000240 0.001051 0.000299 0.000000 0.000236 
114 0 0.000240 0.001050 0.000299 0.000000 0.000236 
115 0 0.000240 0.001052 0.000299 0.000000 0.000236 
116 1 0.000240 0.001048 0.000299 0.000000 0.000236 
117 1 0.000240 0.001048 0.000299 0.000000 0.000236 
118 0 0.000240 0.001052 0.000299 0.000000 0.000236 
119 1 0.000240 0.001050 0.000299 0.000000 0.000236 
120 0 0.000240 0.001050 0.000299 0.000000 0.000236 
121 0 0.000240 0.001050 0.000299 0.000000 0.000236 
122 0 0.000240 0.001050 0.000299 0.000000 0.000236 
123 1 0.000240 0.001050 0.000299 0.000000 0.000236 
124 1 0.000240 0.001048 0.000299 0.000000 0.000236 
125 1 0.000240 0.001052 0.000299 0.000000 0.000236 
126 0 0.000240 0.001050 0.000299 0.000000 0.000236 
127 0 0.000240 0.001053 0.000299 0.000000 0.000236 
128 0 0.000240 0.001051 0.000299 0.000000 0.000236 
129 0 0.000240 0.001050 0.000299 0.000000 0.000236 
130 0 0.000240 0.001050 0.000299 0.000000 0.000236 
131 0 0.000240 0.001050 0.000299 0.000000 0.000236 
132 0 0.000240 0.001050 0.000299 0.000000 0.000236 
133 0 0.000240 0.001052 0.000299 0.000000 0.000236 
134 1 0.000240 0.001050 0.000299 0.000000 0.000236 
135 0 0.000240 0.001052 0.000299 0.000000 0.000236 
136 1 0.000240 0.001050 0.000299 0.000000 0.000236 
137 0 0.000240 0.001052 0.000299 0.000000 0.000236 
138 0 0.000240 0.001048 0.000299 0.000000 0.000236 
139 0 0.000240 0.001050 0.000299 0.000000 0.000236 
140 0 0.000240 0.001049 0.000299 0.000000 0.000236 
141 1 0.000240 0.001051 0.000299 0.000000 0.000236 
142 0 0.000240 0.001050 0.000299 0.000000 0.000236 
143 0 0.000240 0.001053 0.000299 0.000000 0.000236 
144 0 0.000240 0.001052 0.000299 0.000000 0.000236 
145 0 0.000240 0.001052 0.000299 0.000000 0.000236 
146 1 0.000240 0.001049 0.000299 0.000000 0.000236 
147 1 0.000240 0.001051 0.000299 0.000000 0.000236 
148 1 0.000240 0.001049 0.000299 0.000000 0.000236 
149 0 0.000240 0.001050 0.000299 0.000000 0.000236 
150 0 0.000240 0.001050 0.000299 0.000000 0.000236 
151 1 0.000240 0.001051 0.000299 0.000000 0.000236 
152 0 0.000240 0.001050 0.000299 0.000000 0.000236 
153 0 0.000240 0.001048 0.000299 0.000000 0.000236 
154 0 0.000240 0.001051 0.000299 0.000000 0.000236 
155 1 0.000240 0.001048 0.000299 0.000000 0.000236 
156 1 0.000240 0.001050 0.000299 0.000000 0.000236 
157 0 0.000240 0.001050 0.000299 0.000000 0.000236 
158 0 0.000240 0.001049 0.000299 0.000000 0.000236 
159 0 0.000240 0.001050 0.000299 0.000000 0.000236 
160 1 0.000240 0.001049 0.000299 0.000000 0.000236 
161 0 0.000240 0.001050 0.000299 0.000000 0.000236 
162 0 0.000240 0.001053 0.000299 0.000000 0.000236 
163 0 0.000240 0.001052 0.000299 0.000000 0.000236 
164 0 0.000240 0.001050 0.000299 0.000000 0.000236 
165 0 0.000240 0.001050 0.000299 0.000000 0.000236 
166 0 0.000240 0.001049 0.000299 0.000000 0.000236 
167 0 0.000240 0.001052 0.000299 0.000000 0.000236 
168 1 0.000240 0.001050 0.000299 0.000000 0.000236 
169 1 0.000240 0.001048 0.000299 0.000000 0.000236 
170 0 0.000240 0.001050 0.000299 0.000000 0.000236 
171 0 0.000240 0.001050 0.000299 0.000000 0.000236 
172 1 0.000240 0.001050 0.000299 0.000000 0.000236 
173 0 0.000240 0.001049 0.000299 0.000000 0.000236 
174 1 0.000240 0.001050 0.000299 0.000000 0.000236 
175 0 0.000240 0.001050 0.000299 0.000000 0.000236 
176 1 0.000240 0.001051 0.000299 0.000000 0.000236 
177 0 0.000240 0.001051 0.000299 0.000000 0.000236 
178 1 0.000240 0.001050 0.000299 0.000000 0.000236 
179 0 0.000240 0.001050 0.000299 0.000000 0.000236 
180 1 0.000240 0.001051 0.000299 0.000000 0.000236 
181 0 0.000240 0.001050 0.000299 0.000000 0.000236 
182 0 0.000240 0.001052 0.000299 0.000000 0.000236 
183 0 0.000240 0.001051 0.000299 0.000000 0.000236 
184 0 0.000240 0.001050 0.000299 0.000000 0.000236 
185 0 0.000240 0.001051 0.000299 0.000000 0.000236 
186 0 0.000240 0.001050 0.000299 0.000000 0.000236 
187 0 0.000240 0.001050 0.000299 0.000000 0.000236 
188 0 0.000240 0.001052 0.000299 0.000000 0.000236 
189 0 0.000240 0.001050 0.000299 0.000000 0.000236 
190 1 0.000240 0.001051 0.000299 0.000000 0.000236 
191 1 0.000240 0.001050 0.000299 0.000000 0.000236 
192 1 0.000240 0.001051 0.000299 0.000000 0.000236 
193 1 0.000240 0.001050 0.000299 0.000000 0.000236 
194 0 0.000240 0.001051 0.000299 0.000000 0.000236 
195 0 0.000240 0.001051 0.000299 0.000000 0.000236 
196 0 0.000240 0.001050 0.000299 0.000000 0.000236 
197 0 0.000240 0.001050 0.000299 0.000000 0.000236 
198 0 0.000240 0.001050 0.000299 0.000000 0.000236 
199 1 0.000240 0.001050 0.000299 0.000000 0.000236 
200 0 0.000240 0.001052 0.000299 0.000000 0.000236 
201 0 0.000240 0.001048 0.000299 0.000000 0.000236 
202 0 0.000240 0.001050 0.000299 0.000000 0.000236 
203 1 0.000240 0.001051 0.000299 0.000000 0.000236 
204 0 0.000240 0.001050 0.000299 0.000000 0.000236 
205 0 0.000240 0.001051 0.000299 0.000000 0.000236 
206 0 0.000240 0.001051 0.000299 0.000000 0.000236 
207 0 0.000240 0.001050 0.000299 0.000000 0.000236 
208 1 0.000240 0.001050 0.000299 0.000000 0.000236 
209 1 0.000240 0.001050 0.000299 0.000000 0.000236 
210 0 0.000240 0.001050 0.000299 0.000000 0.000236 
211 0 0.000240 0.001051 0.000299 0.000000 0.000236 
212 1 0.000240 0.001052 0.000299 0.000000 0.000236 
213 1 0.000240 0.001051 0.000299 0.000000 0.000236 
214 0 0.000240 0.001053 0.000299 0.000000 0.000236 
215 0 0.000240 0.001050 0.000299 0.000000 0.000236 
216 0 0.000240 0.001050 0.000299 0.000000 0.000236 
217 1 0.000240 0.001050 0.000299 0.000000 0.000236 
218 1 0.000240 0.001051 0.000299 0.000000 0.000236 
219 1 0.000240 0.001051 0.000299 0.000000 0.000236 
220 0 0.000240 0.001053 0.000299 0.000000 0.000236 
221 1 0.000240 0.001050 0.000299 0.000000 0.000236 
222 0 0.000240 0.001050 0.000299 0.000000 0.000236 
223 0 0.000240 0.001052 0.000299 0.000000 0.000236 
224 0 0.000240 0.001052 0.000299 0.000000 0.000236 
225 1 0.000240 0.001051 0.000299 0.000000 0.000236 
226 1 0.000240 0.001050 0.000299 0.000000 0.000236 
227 1 0.000240 0.001051 0.000299 0.000000 0.000236 
228 0 0.000240 0.001051 0.000299 0.000000 0.000236 
229 0 0.000240 0.001050 0.000299 0.000000 0.000236 
230 0 0.000240 0.001051 0.000299 0.000000 0.000236 
231 1 0.000240 0.001051 0.000299 0.000000 0.000236 
232 0 0.000240 0.001050 0.000299 0.000000 0.000236 
233 0 0.000240 0.001052 0.000299 0.000000 0.000236 
234 1 0.000240 0.001051 0.000299 0.000000 0.000236 
235 0 0.000240 0.001051 0.000299 0.000000 0.000236 
236 0 0.000240 0.001052 0.000299 0.000000 0.000236 
237 0 0.000240 0.001050 0.000299 0.000000 0.000236 
238 0 0.000240 0.001052 0.000299 0.000000 0.000236 
239 0 0.000240 0.001050 0.000299 0.000000 0.000236 
240 0 0.000240 0.001050 0.000299 0.000000 0.000236 
241 1 0.000240 0.001051 0.000299 0.000000 0.000236 
242 0 0.000240 0.001050 0.000299 0.000000 0.000236 
243 0 0.000240 0.001050 0.000299 0.000000 0.000236 
244 0 0.000240 0.001050 0.000299 0.000000 0.000236 
245 0 0.000240 0.001053 0.000299 0.000000 0.000236 
246 0 0.000240 0.001051 0.000299 0.000000 0.000236 
247 0 0.000240 0.001050 0.000299 0.000000 0.000236 
248 0 0.000240 0.001050 0.000299 0.000000 0.000236 
249 1 0.000240 0.001050 0.000299 0.000000 0.000236 
250 1 0.000240 0.001051 0.000299 0.000000 0.000236 
251 0 0.000240 0.001050 0.000299 0.000000 0.000236 
252 0 0.000240 0.001050 0.000299 0.000000 0.000236 
253 0 0.000240 0.001050 0.000299 0.000000 0.000236 
254 1 0.000240 0.001052 0.000299 0.000000 0.000236 
255 0 0.000240 0.001051 0.000299 0.000000 0.000236 
256 0 0.000240 0.001050 0.000299 0.000000 0.000236 
257 0 0.000240 0.001053 0.000299 0.000000 0.000236 
258 1 0.000240 0.001050 0.000299 0.000000 0.000236 
259 1 0.000240 0.001052 0.000299 0.000000 0.000236 
260 0 0.000240 0.001051 0.000299 0.000000 0.000236 
261 0 0.000240 0.001048 0.000299 0.000000 0.000236 
262 0 0.000240 0.001051 0.000299 0.000000 0.000236 
263 0 0.000240 0.001052 0.000299 0.000000 0.000236 
264 0 0.000240 0.001050 0.000299 0.000000 0.000236 
265 0 0.000240 0.001051 0.000299 0.000000 0.000236 
266 0 0.000240 0.001050 0.000299 0.000000 0.000236 
267 1 0.000240 0.001052 0.000299 0.000000 0.000236 
268 0 0.000240 0.001050 0.000299 0.000000 0.000236 
269 0 0.000240 0.001050 0.000299 0.000000 0.000236 
270 0 0.000240 0.001051 0.000299 0.000000 0.000236 
271 0 0.000240 0.001051 0.000299 0.000000 0.000236 
272 0 0.000240 0.001050 0.000299 0.000000 0.000236 
273 1 0.000240 0.001050 0.000299 0.000000 0.000236 
274 1 0.000240 0.001050 0.000299 0.000000 0.000236 
275 0 0.000240 0.001050 0.000299 0.000000 0.000236 
276 1 0.000240 0.001051 0.000299 0.000000 0.000236 
277 0 0.000240 0.001052 0.000299 0.000000 0.000236 
278 1 0.000240 0.001050 0.000299 0.000000 0.000236 
279 0 0.000240 0.001050 0.000299 0.000000 0.000236 
280 1 0.000240 0.001051 0.000299 0.000000 0.000236 
281 1 0.000240 0.001050 0.000299 0.000000 0.000236 
282 1 0.000240 0.001051 0.000299 0.000000 0.000236 
283 0 0.000240 0.001050 0.000299 0.000000 0.000236 
284 1 0.000240 0.001052 0.000299 0.000000 0.000236 
285 1 0.000240 0.001051 0.000299 0.000000 0.000236 
286 1 0.000240 0.001052 0.000299 0.000000 0.000236 
287 1 0.000240 0.001050 0.000299 0.000000 0.000236 
288 1 0.000240 0.001050 0.000299 0.000000 0.000236 
289 0 0.000240 0.001051 0.000299 0.000000 0.000236 
290 0 0.000240 0.001052 0.000299 0.000000 0.000236 
291 0 0.000240 0.001052 0.000299 0.000000 0.000236 
292 0 0.000240 0.001050 0.000299 0.000000 0.000236 
293 0 0.000240 0.001049 0.000299 0.000000 0.000236 
294 0 0.000240 0.001051 0.000299 0.000000 0.000236 
295 1 0.000240 0.001051 0.000299 0.000000 0.000236 
296 0 0.000240 0.001050 0.000299 0.000000 0.000236 
297 0 0.000240 0.001051 0.000299 0.000000 0.000236 
298 0 0.000240 0.001050 0.000299 0.000000 0.000236 
