299 2 8 
0 1 0.000010 0.000010 0.000021 0.000946 0.000008 0.000012 0.000028 0.000011 
1 1 0.000010 0.000010 0.000021 0.000947 0.000008 0.000012 0.000028 0.000011 
2 0 0.000010 0.000010 0.000021 0.000948 0.000008 0.000012 0.000028 0.000011 
3 0 0.000010 0.000010 0.000021 0.000948 0.000008 0.000012 0.000028 0.000011 
4 1 0.000010 0.000010 0.000021 0.000946 0.000008 0.000012 0.000028 0.000011 
5 0 0.000010 0.000010 0.000021 0.000947 0.000008 0.000012 0.000028 0.000011 
6 1 0.000010 0.000010 0.000021 0.000946 0.000008 0.000012 0.000028 0.000011 
7 0 0.000010 0.000010 0.000021 0.000947 0.000008 0.000012 0.000028 0.000011 
8 0 0.000010 0.000010 0.000021 0.000947 0.000008 0.000012 0.000028 0.000011 
9 0 0.000010 0.000010 0.000021 0.000946 0.000008 0.000012 0.000028 0.000011 
10 0 0.000010 0.000010 0.000021 0.000948 0.000008 0.000012 0.000028 0.000011 
11 0 0.000010 0.000010 0.000021 0.000946 0.000008 0.000012 0.000028 0.000011 
12 0 0.000010 0.000010 0.000021 0.000947 0.000008 0.000012 0.000028 0.000011 
13 0 0.000010 0.000010 0.000021 0.000946 0.000008 0.000012 0.000028 0.000011 
14 0 0.000010 0.000010 0.000021 0.000947 0.000008 0.000012 0.000028 0.000011 
15 0 0.000010 0.000010 0.000021 0.000945 0.000008 0.000012 0.000028 0.000011 
16 1 0.000010 0.000010 0.000021 0.000946 0.000008 0.000012 0.000028 0.000011 
17 1 0.000010 0.000010 0.000021 0.000946 0.000008 0.000012 0.000028 0.000011 
18 0 0.000010 0.000010 0.000021 0.000946 0.000008 0.000012 0.000028 0.000011 
19 0 0.000010 0.000010 0.000021 0.000946 0.000008 0.000012 0.000028 0.000011 
20 0 0.000010 0.000010 0.000021 0.000948 0.000008 0.000012 0.000028 0.000011 
21 0 0.000010 0.000010 0.000021 0.000947 0.000008 0.000012 0.000028 0.000011 
22 1 0.000010 0.000010 0.000021 0.000946 0.000008 0.000012 0.000028 0.000011 
23 1 0.000010 0.000010 0.000021 0.000946 0.000008 0.000012 0.000028 0.000011 
24 1 0.000010 0.000010 0.000021 0.000947 0.000008 0.000012 0.000028 0.000011 
25 0 0.000010 0.000010 0.000021 0.000946 0.000008 0.000012 0.000028 0.000011 
26 0 0.000010 0.000010 0.000021 0.000946 0.000008 0.000012 0.000028 0.000011 
27 0 0.000010 0.000010 0.000021 0.000947 0.000008 0.000012 0.000028 0.000011 
28 1 0.000010 0.000010 0.000021 0.000945 0.000008 0.000012 0.000028 0.000011 
29 0 0.000010 0.000010 0.000021 0.000947 0.000008 0.000012 0.000028 0.000011 
30 0 0.000010 0.000010 0.000021 0.000946 0.000008 0.000012 0.000028 0.000011 
31 0 0.000010 0.000010 0.000021 0.000946 0.000008 0.000012 0.000028 0.000011 
32 0 0.000010 0.000010 0.000021 0.000946 0.000008 0.000012 0.000028 0.000011 
33 0 0.000010 0.000010 0.000021 0.000946 0.000008 0.000012 0.000028 0.000011 
34 0 0.000010 0.000010 0.000021 0.000946 0.000008 0.000012 0.000028 0.000011 
35 1 0.000010 0.000010 0.000021 0.000947 0.000008 0.000012 0.000028 0.000011 
36 0 0.000010 0.000010 0.000021 0.000947 0.000008 0.000012 0.000028 0.000011 
37 1 0.000010 0.000010 0.000021 0.000946 0.000008 0.000012 0.000028 0.000011 
38 1 0.000010 0.000010 0.000021 0.000946 0.000008 0.000012 0.000028 0.000011 
39 1 0.000010 0.000010 0.000021 0.000947 0.000008 0.000012 0.000028 0.000011 
40 0 0.000010 0.000010 0.000021 0.000946 0.000008 0.000012 0.000028 0.000011 
41 0 0.000010 0.000010 0.000021 0.000946 0.000008 0.000012 0.000028 0.000011 
42 0 0.000010 0.000010 0.000021 0.000946 0.000008 0.000012 0.000028 0.000011 
43 1 0.000010 0.000010 0.000021 0.000947 0.000008 0.000012 0.000028 0.000011 
44 0 0.000010 0.000010 0.000021 0.000947 0.000008 0.000012 0.000028 0.000011 
45 0 0.000010 0.000010 0.000021 0.000947 0.000008 0.000012 0.000028 0.000011 
46 0 0.000010 0.000010 0.000021 0.000945 0.000008 0.000012 0.000028 0.000011 
47 0 0.000010 0.000010 0.000021 0.000946 0.000008 0.000012 0.000028 0.000011 
48 0 0.000010 0.000010 0.000021 0.000945 0.000008 0.000012 0.000028 0.000011 
49 0 0.000010 0.000010 0.000021 0.000947 0.000008 0.000012 0.000028 0.000011 
50 0 0.000010 0.000010 0.000021 0.000948 0.000008 0.000012 0.000028 0.000011 
51 1 0.000010 0.000010 0.000021 0.000946 0.000008 0.000012 0.000028 0.000011 
52 0 0.000010 0.000010 0.000021 0.000946 0.000008 0.000012 0.000028 0.000011 
53 1 0.000010 0.000010 0.000021 0.000947 0.000008 0.000012 0.000028 0.000011 
54 0 0.000010 0.000010 0.000021 0.000947 0.000008 0.000012 0.000028 0.000011 
55 0 0.000010 0.000010 0.000021 0.000947 0.000008 0.000012 0.000028 0.000011 
56 1 0.000010 0.000010 0.000021 0.000946 0.000008 0.000012 0.000028 0.000011 
57 0 0.000010 0.000010 0.000021 0.000946 0.000008 0.000012 0.000028 0.000011 
58 1 0.000010 0.000010 0.000021 0.000947 0.000008 0.000012 0.000028 0.000011 
59 0 0.000010 0.000010 0.000021 0.000946 0.000008 0.000012 0.000028 0.000011 
60 0 0.000010 0.000010 0.000021 0.000946 0.000008 0.000012 0.000028 0.000011 
61 0 0.000010 0.000010 0.000021 0.000947 0.000008 0.000012 0.000028 0.000011 
62 1 0.000010 0.000010 0.000021 0.000947 0.000008 0.000012 0.000028 0.000011 
63 1 0.000010 0.000010 0.000021 0.000946 0.000008 0.000012 0.000028 0.000011 
64 0 0.000010 0.000010 0.000021 0.000946 0.000008 0.000012 0.000028 0.000011 
65 0 0.000010 0.000010 0.000021 0.000946 0.000008 0.000012 0.000028 0.000011 
66 0 0.000010 0.000010 0.000021 0.000946 0.000008 0.000012 0.000028 0.000011 
67 0 0.000010 0.000010 0.000021 0.000947 0.000008 0.000012 0.000028 0.000011 
68 0 0.000010 0.000010 0.000021 0.000946 0.000008 0.000012 0.000028 0.000011 
69 0 0.000010 0.000010 0.000021 0.000947 0.000008 0.000012 0.000028 0.000011 
70 1 0.000010 0.000010 0.000021 0.000945 0.000008 0.000012 0.000028 0.000011 
71 0 0.000010 0.000010 0.000021 0.000946 0.000008 0.000012 0.000028 0.000011 
72 0 0.000010 0.000010 0.000021 0.000946 0.000008 0.000012 0.000028 0.000011 
73 1 0.000010 0.000010 0.000021 0.000945 0.000008 0.000012 0.000028 0.000011 
74 0 0.000010 0.000010 0.000021 0.000946 0.000008 0.000012 0.000028 0.000011 
75 0 0.000010 0.000010 0.000021 0.000946 0.000008 0.000012 0.000028 0.000011 
76 0 0.000010 0.000010 0.000021 0.000946 0.000008 0.000012 0.000028 0.000011 
77 0 0.000010 0.000010 0.000021 0.000947 0.000008 0.000012 0.000028 0.000011 
78 0 0.000010 0.000010 0.000021 0.000946 0.000008 0.000012 0.000028 0.000011 
79 0 0.000010 0.000010 0.000021 0.000946 0.000008 0.000012 0.000028 0.000011 
80 1 0.000010 0.000010 0.000021 0.000947 0.000008 0.000012 0.000028 0.000011 
81 1 0.000010 0.000010 0.000021 0.000947 0.000008 0.000012 0.000028 0.000011 
82 0 0.000010 0.000010 0.000021 0.000947 0.000008 0.000012 0.000028 0.000011 
83 0 0.000010 0.000010 0.000021 0.000946 0.000008 0.000012 0.000028 0.000011 
84 0 0.000010 0.000010 0.000021 0.000946 0.000008 0.000012 0.000028 0.000011 
85 1 0.000010 0.000010 0.000021 0.000947 0.000008 0.000012 0.000028 0.000011 
86 0 0.000010 0.000010 0.000021 0.000946 0.000008 0.000012 0.000028 0.000011 
87 1 0.000010 0.000010 0.000021 0.000946 0.000008 0.000012 0.000028 0.000011 
88 1 0.000010 0.000010 0.000021 0.000945 0.000008 0.000012 0.000028 0.000011 
89 1 0.000010 0.000010 0.000021 0.000946 0.000008 0.000012 0.000028 0.000011 
90 1 0.000010 0.000010 0.000021 0.000946 0.000008 0.000012 0.000028 0.000011 
91 0 0.000010 0.000010 0.000021 0.000945 0.000008 0.000012 0.000028 0.000011 
92 1 0.000010 0.000010 0.000021 0.000946 0.000008 0.000012 0.000028 0.000011 
93 0 0.000010 0.000010 0.000021 0.000946 0.000008 0.000012 0.000028 0.000011 
94 1 0.000010 0.000010 0.000021 0.000947 0.000008 0.000012 0.000028 0.000011 
95 1 0.000010 0.000010 0.000021 0.000946 0.000008 0.000012 0.000028 0.000011 
96 0 0.000010 0.000010 0.000021 0.000946 0.000008 0.000012 0.000028 0.000011 
97 0 0.000010 0.000010 0.000021 0.000946 0.000008 0.000012 0.000028 0.000011 
98 0 0.000010 0.000010 0.000021 0.000945 0.000008 0.000012 0.000028 0.000011 
99 1 0.000010 0.000010 0.000021 0.000946 0.000008 0.000012 0.000028 0.000011 
100 1 0.000010 0.000010 0.000021 0.000946 0.000008 0.000012 0.000028 0.000011 
101 0 0.000010 0.000010 0.000021 0.000946 0.000008 0.000012 0.000028 0.000011 
102 0 0.000010 0.000010 0.000021 0.000946 0.000008 0.000012 0.000028 0.000011 
103 1 0.000010 0.000010 0.000021 0.000947 0.000008 0.000012 0.000028 0.000011 
104 0 0.000010 0.000010 0.000021 0.000946 0.000008 0.000012 0.000028 0.000011 
105 0 0.000010 0.000010 0.000021 0.000947 0.000008 0.000012 0.000028 0.000011 
106 0 0.000010 0.000010 0.000021 0.000946 0.000008 0.000012 0.000028 0.000011 
107 0 0.000010 0.000010 0.000021 0.000946 0.000008 0.000012 0.000028 0.000011 
108 1 0.000010 0.000010 0.000021 0.000946 0.000008 0.000012 0.000028 0.000011 
109 1 0.000010 0.000010 0.000021 0.000945 0.000008 0.000012 0.000028 0.000011 
110 0 0.000010 0.000010 0.000021 0.000947 0.000008 0.000012 0.000028 0.000011 
111 0 0.000010 0.000010 0.000021 0.000947 0.000008 0.000012 0.000028 0.000011 
112 0 0.000010 0.000010 0.000021 0.000946 0.000008 0.000012 0.000028 0.000011 
113 0 0.000010 0.000010 0.000021 0.000947 0.000008 0.000012 0.000028 0.000011 
114 0 0.000010 0.000010 0.000021 0.000947 0.000008 0.000012 0.000028 0.000011 
115 0 0.000010 0.000010 0.000021 0.000948 0.000008 0.000012 0.000028 0.000011 
116 0 0.000010 0.000010 0.000021 0.000947 0.000008 0.000012 0.000028 0.000011 
117 1 0.000010 0.000010 0.000021 0.000946 0.000008 0.000012 0.000028 0.000011 
118 0 0.000010 0.000010 0.000021 0.000946 0.000008 0.000012 0.000028 0.000011 
119 0 0.000010 0.000010 0.000021 0.000946 0.000008 0.000012 0.000028 0.000011 
120 0 0.000010 0.000010 0.000021 0.000946 0.000008 0.000012 0.000028 0.000011 
121 0 0.000010 0.000010 0.000021 0.000946 0.000008 0.000012 0.000028 0.000011 
122 1 0.000010 0.000010 0.000021 0.000946 0.000008 0.000012 0.000028 0.000011 
123 1 0.000010 0.000010 0.000021 0.000947 0.000008 0.000012 0.000028 0.000011 
124 0 0.000010 0.000010 0.000021 0.000946 0.000008 0.000012 0.000028 0.000011 
125 0 0.000010 0.000010 0.000021 0.000945 0.000008 0.000012 0.000028 0.000011 
126 1 0.000010 0.000010 0.000021 0.000947 0.000008 0.000012 0.000028 0.000011 
127 0 0.000010 0.000010 0.000021 0.000948 0.000008 0.000012 0.000028 0.000011 
128 0 0.000010 0.000010 0.000021 0.000947 0.000008 0.000012 0.000028 0.000011 
129 0 0.000010 0.000010 0.000021 0.000948 0.000008 0.000012 0.000028 0.000011 
130 0 0.000010 0.000010 0.000021 0.000945 0.000008 0.000012 0.000028 0.000011 
131 1 0.000010 0.000010 0.000021 0.000946 0.000008 0.000012 0.000028 0.000011 
132 0 0.000010 0.000010 0.000021 0.000946 0.000008 0.000012 0.000028 0.000011 
133 0 0.000010 0.000010 0.000021 0.000947 0.000008 0.000012 0.000028 0.000011 
134 0 0.000010 0.000010 0.000021 0.000947 0.000008 0.000012 0.000028 0.000011 
135 1 0.000010 0.000010 0.000021 0.000947 0.000008 0.000012 0.000028 0.000011 
136 1 0.000010 0.000010 0.000021 0.000947 0.000008 0.000012 0.000028 0.000011 
137 1 0.000010 0.000010 0.000021 0.000946 0.000008 0.000012 0.000028 0.000011 
138 1 0.000010 0.000010 0.000021 0.000946 0.000008 0.000012 0.000028 0.000011 
139 0 0.000010 0.000010 0.000021 0.000947 0.000008 0.000012 0.000028 0.000011 
140 0 0.000010 0.000010 0.000021 0.000946 0.000008 0.000012 0.000028 0.000011 
141 1 0.000010 0.000010 0.000021 0.000946 0.000008 0.000012 0.000028 0.000011 
142 1 0.000010 0.000010 0.000021 0.000947 0.000008 0.000012 0.000028 0.000011 
143 1 0.000010 0.000010 0.000021 0.000947 0.000008 0.000012 0.000028 0.000011 
144 0 0.000010 0.000010 0.000021 0.000947 0.000008 0.000012 0.000028 0.000011 
145 0 0.000010 0.000010 0.000021 0.000945 0.000008 0.000012 0.000028 0.000011 
146 1 0.000010 0.000010 0.000021 0.000945 0.000008 0.000012 0.000028 0.000011 
147 1 0.000010 0.000010 0.000021 0.000946 0.000008 0.000012 0.000028 0.000011 
148 1 0.000010 0.000010 0.000021 0.000946 0.000008 0.000012 0.000028 0.000011 
149 0 0.000010 0.000010 0.000021 0.000946 0.000008 0.000012 0.000028 0.000011 
150 0 0.000010 0.000010 0.000021 0.000946 0.000008 0.000012 0.000028 0.000011 
151 0 0.000010 0.000010 0.000021 0.000946 0.000008 0.000012 0.000028 0.000011 
152 0 0.000010 0.000010 0.000021 0.000946 0.000008 0.000012 0.000028 0.000011 
153 1 0.000010 0.000010 0.000021 0.000946 0.000008 0.000012 0.000028 0.000011 
154 1 0.000010 0.000010 0.000021 0.000946 0.000008 0.000012 0.000028 0.000011 
155 1 0.000010 0.000010 0.000021 0.000945 0.000008 0.000012 0.000028 0.000011 
156 0 0.000010 0.000010 0.000021 0.000947 0.000008 0.000012 0.000028 0.000011 
157 0 0.000010 0.000010 0.000021 0.000946 0.000008 0.000012 0.000028 0.000011 
158 0 0.000010 0.000010 0.000021 0.000947 0.000008 0.000012 0.000028 0.000011 
159 0 0.000010 0.000010 0.000021 0.000946 0.000008 0.000012 0.000028 0.000011 
160 1 0.000010 0.000010 0.000021 0.000946 0.000008 0.000012 0.000028 0.000011 
161 1 0.000010 0.000010 0.000021 0.000947 0.000008 0.000012 0.000028 0.000011 
162 0 0.000010 0.000010 0.000021 0.000946 0.000008 0.000012 0.000028 0.000011 
163 0 0.000010 0.000010 0.000021 0.000946 0.000008 0.000012 0.000028 0.000011 
164 1 0.000010 0.000010 0.000021 0.000946 0.000008 0.000012 0.000028 0.000011 
165 0 0.000010 0.000010 0.000021 0.000945 0.000008 0.000012 0.000028 0.000011 
166 0 0.000010 0.000010 0.000021 0.000946 0.000008 0.000012 0.000028 0.000011 
167 1 0.000010 0.000010 0.000021 0.000947 0.000008 0.000012 0.000028 0.000011 
168 1 0.000010 0.000010 0.000021 0.000947 0.000008 0.000012 0.000028 0.000011 
169 0 0.000010 0.000010 0.000021 0.000946 0.000008 0.000012 0.000028 0.000011 
170 0 0.000010 0.000010 0.000021 0.000946 0.000008 0.000012 0.000028 0.000011 
171 0 0.000010 0.000010 0.000021 0.000946 0.000008 0.000012 0.000028 0.000011 
172 0 0.000010 0.000010 0.000021 0.000947 0.000008 0.000012 0.000028 0.000011 
173 0 0.000010 0.000010 0.000021 0.000948 0.000008 0.000012 0.000028 0.000011 
174 0 0.000010 0.000010 0.000021 0.000946 0.000008 0.000012 0.000028 0.000011 
175 0 0.000010 0.000010 0.000021 0.000946 0.000008 0.000012 0.000028 0.000011 
176 0 0.000010 0.000010 0.000021 0.000946 0.000008 0.000012 0.000028 0.000011 
177 0 0.000010 0.000010 0.000021 0.000947 0.000008 0.000012 0.000028 0.000011 
178 0 0.000010 0.000010 0.000021 0.000946 0.000008 0.000012 0.000028 0.000011 
179 1 0.000010 0.000010 0.000021 0.000946 0.000008 0.000012 0.000028 0.000011 
180 0 0.000010 0.000010 0.000021 0.000946 0.000008 0.000012 0.000028 0.000011 
181 0 0.000010 0.000010 0.000021 0.000947 0.000008 0.000012 0.000028 0.000011 
182 1 0.000010 0.000010 0.000021 0.000946 0.000008 0.000012 0.000028 0.000011 
183 1 0.000010 0.000010 0.000021 0.000946 0.000008 0.000012 0.000028 0.000011 
184 0 0.000010 0.000010 0.000021 0.000947 0.000008 0.000012 0.000028 0.000011 
185 0 0.000010 0.000010 0.000021 0.000946 0.000008 0.000012 0.000028 0.000011 
186 0 0.000010 0.000010 0.000021 0.000946 0.000008 0.000012 0.000028 0.000011 
187 0 0.000010 0.000010 0.000021 0.000946 0.000008 0.000012 0.000028 0.000011 
188 1 0.000010 0.000010 0.000021 0.000946 0.000008 0.000012 0.000028 0.000011 
189 0 0.000010 0.000010 0.000021 0.000948 0.000008 0.000012 0.000028 0.000011 
190 0 0.000010 0.000010 0.000021 0.000946 0.000008 0.000012 0.000028 0.000011 
191 0 0.000010 0.000010 0.000021 0.000946 0.000008 0.000012 0.000028 0.000011 
192 0 0.000010 0.000010 0.000021 0.000945 0.000008 0.000012 0.000028 0.000011 
193 0 0.000010 0.000010 0.000021 0.000945 0.000008 0.000012 0.000028 0.000011 
194 0 0.000010 0.000010 0.000021 0.000946 0.000008 0.000012 0.000028 0.000011 
195 0 0.000010 0.000010 0.000021 0.000946 0.000008 0.000012 0.000028 0.000011 
196 0 0.000010 0.000010 0.000021 0.000946 0.000008 0.000012 0.000028 0.000011 
197 0 0.000010 0.000010 0.000021 0.000946 0.000008 0.000012 0.000028 0.000011 
198 0 0.000010 0.000010 0.000021 0.000946 0.000008 0.000012 0.000028 0.000011 
199 1 0.000010 0.000010 0.000021 0.000947 0.000008 0.000012 0.000028 0.000011 
200 1 0.000010 0.000010 0.000021 0.000946 0.000008 0.000012 0.000028 0.000011 
201 1 0.000010 0.000010 0.000021 0.000946 0.000008 0.000012 0.000028 0.000011 
202 1 0.000010 0.000010 0.000021 0.000946 0.000008 0.000012 0.000028 0.000011 
203 0 0.000010 0.000010 0.000021 0.000947 0.000008 0.000012 0.000028 0.000011 
204 1 0.000010 0.000010 0.000021 0.000947 0.000008 0.000012 0.000028 0.000011 
205 1 0.000010 0.000010 0.000021 0.000946 0.000008 0.000012 0.000028 0.000011 
206 0 0.000010 0.000010 0.000021 0.000947 0.000008 0.000012 0.000028 0.000011 
207 1 0.000010 0.000010 0.000021 0.000946 0.000008 0.000012 0.000028 0.000011 
208 0 0.000010 0.000010 0.000021 0.000946 0.000008 0.000012 0.000028 0.000011 
209 0 0.000010 0.000010 0.000021 0.000946 0.000008 0.000012 0.000028 0.000011 
210 0 0.000010 0.000010 0.000021 0.000946 0.000008 0.000012 0.000028 0.000011 
211 0 0.000010 0.000010 0.000021 0.000948 0.000008 0.000012 0.000028 0.000011 
212 0 0.000010 0.000010 0.000021 0.000947 0.000008 0.000012 0.000028 0.000011 
213 1 0.000010 0.000010 0.000021 0.000947 0.000008 0.000012 0.000028 0.000011 
214 0 0.000010 0.000010 0.000021 0.000947 0.000008 0.000012 0.000028 0.000011 
215 0 0.000010 0.000010 0.000021 0.000946 0.000008 0.000012 0.000028 0.000011 
216 0 0.000010 0.000010 0.000021 0.000946 0.000008 0.000012 0.000028 0.000011 
217 0 0.000010 0.000010 0.000021 0.000946 0.000008 0.000012 0.000028 0.000011 
218 0 0.000010 0.000010 0.000021 0.000946 0.000008 0.000012 0.000028 0.000011 
219 0 0.000010 0.000010 0.000021 0.000947 0.000008 0.000012 0.000028 0.000011 
220 0 0.000010 0.000010 0.000021 0.000945 0.000008 0.000012 0.000028 0.000011 
221 0 0.000010 0.000010 0.000021 0.000947 0.000008 0.000012 0.000028 0.000011 
222 0 0.000010 0.000010 0.000021 0.000946 0.000008 0.000012 0.000028 0.000011 
223 0 0.000010 0.000010 0.000021 0.000947 0.000008 0.000012 0.000028 0.000011 
224 0 0.000010 0.000010 0.000021 0.000946 0.000008 0.000012 0.000028 0.000011 
225 1 0.000010 0.000010 0.000021 0.000947 0.000008 0.000012 0.000028 0.000011 
226 0 0.000010 0.000010 0.000021 0.000946 0.000008 0.000012 0.000028 0.000011 
227 0 0.000010 0.000010 0.000021 0.000946 0.000008 0.000012 0.000028 0.000011 
228 0 0.000010 0.000010 0.000021 0.000946 0.000008 0.000012 0.000028 0.000011 
229 0 0.000010 0.000010 0.000021 0.000946 0.000008 0.000012 0.000028 0.000011 
230 0 0.000010 0.000010 0.000021 0.000948 0.000008 0.000012 0.000028 0.000011 
231 0 0.000010 0.000010 0.000021 0.000947 0.000008 0.000012 0.000028 0.000011 
232 1 0.000010 0.000010 0.000021 0.000946 0.000008 0.000012 0.000028 0.000011 
233 0 0.000010 0.000010 0.000021 0.000946 0.000008 0.000012 0.000028 0.000011 
234 0 0.000010 0.000010 0.000021 0.000947 0.000008 0.000012 0.000028 0.000011 
235 0 0.000010 0.000010 0.000021 0.000947 0.000008 0.000012 0.000028 0.000011 
236 1 0.000010 0.000010 0.000021 0.000947 0.000008 0.000012 0.000028 0.000011 
237 0 0.000010 0.000010 0.000021 0.000947 0.000008 0.000012 0.000028 0.000011 
238 0 0.000010 0.000010 0.000021 0.000948 0.000008 0.000012 0.000028 0.000011 
239 0 0.000010 0.000010 0.000021 0.000946 0.000008 0.000012 0.000028 0.000011 
240 0 0.000010 0.000010 0.000021 0.000945 0.000008 0.000012 0.000028 0.000011 
241 0 0.000010 0.000010 0.000021 0.000946 0.000008 0.000012 0.000028 0.000011 
242 1 0.000010 0.000010 0.000021 0.000947 0.000008 0.000012 0.000028 0.000011 
243 0 0.000010 0.000010 0.000021 0.000947 0.000008 0.000012 0.000028 0.000011 
244 1 0.000010 0.000010 0.000021 0.000949 0.000008 0.000012 0.000028 0.000011 
245 1 0.000010 0.000010 0.000021 0.000946 0.000008 0.000012 0.000028 0.000011 
246 1 0.000010 0.000010 0.000021 0.000946 0.000008 0.000012 0.000028 0.000011 
247 0 0.000010 0.000010 0.000021 0.000947 0.000008 0.000012 0.000028 0.000011 
248 0 0.000010 0.000010 0.000021 0.000946 0.000008 0.000012 0.000028 0.000011 
249 0 0.000010 0.000010 0.000021 0.000946 0.000008 0.000012 0.000028 0.000011 
250 0 0.000010 0.000010 0.000021 0.000947 0.000008 0.000012 0.000028 0.000011 
251 0 0.000010 0.000010 0.000021 0.000946 0.000008 0.000012 0.000028 0.000011 
252 0 0.000010 0.000010 0.000021 0.000946 0.000008 0.000012 0.000028 0.000011 
253 0 0.000010 0.000010 0.000021 0.000946 0.000008 0.000012 0.000028 0.000011 
254 0 0.000010 0.000010 0.000021 0.000947 0.000008 0.000012 0.000028 0.000011 
255 1 0.000010 0.000010 0.000021 0.000946 0.000008 0.000012 0.000028 0.000011 
256 1 0.000010 0.000010 0.000021 0.000949 0.000008 0.000012 0.000028 0.000011 
257 0 0.000010 0.000010 0.000021 0.000948 0.000008 0.000012 0.000028 0.000011 
258 0 0.000010 0.000010 0.000021 0.000948 0.000008 0.000012 0.000028 0.000011 
259 1 0.000010 0.000010 0.000021 0.000947 0.000008 0.000012 0.000028 0.000011 
260 1 0.000010 0.000010 0.000021 0.000946 0.000008 0.000012 0.000028 0.000011 
261 0 0.000010 0.000010 0.000021 0.000948 0.000008 0.000012 0.000028 0.000011 
262 0 0.000010 0.000010 0.000021 0.000947 0.000008 0.000012 0.000028 0.000011 
263 1 0.000010 0.000010 0.000021 0.000946 0.000008 0.000012 0.000028 0.000011 
264 0 0.000010 0.000010 0.000021 0.000948 0.000008 0.000012 0.000028 0.000011 
265 0 0.000010 0.000010 0.000021 0.000947 0.000008 0.000012 0.000028 0.000011 
266 1 0.000010 0.000010 0.000021 0.000947 0.000008 0.000012 0.000028 0.000011 
267 1 0.000010 0.000010 0.000021 0.000946 0.000008 0.000012 0.000028 0.000011 
268 0 0.000010 0.000010 0.000021 0.000948 0.000008 0.000012 0.000028 0.000011 
269 0 0.000010 0.000010 0.000021 0.000948 0.000008 0.000012 0.000028 0.000011 
270 1 0.000010 0.000010 0.000021 0.000947 0.000008 0.000012 0.000028 0.000011 
271 0 0.000010 0.000010 0.000021 0.000946 0.000008 0.000012 0.000028 0.000011 
272 1 0.000010 0.000010 0.000021 0.000947 0.000008 0.000012 0.000028 0.000011 
273 0 0.000010 0.000010 0.000021 0.000947 0.000008 0.000012 0.000028 0.000011 
274 0 0.000010 0.000010 0.000021 0.000948 0.000008 0.000012 0.000028 0.000011 
275 0 0.000010 0.000010 0.000021 0.000946 0.000008 0.000012 0.000028 0.000011 
276 0 0.000010 0.000010 0.000021 0.000947 0.000008 0.000012 0.000028 0.000011 
277 0 0.000010 0.000010 0.000021 0.000946 0.000008 0.000012 0.000028 0.000011 
278 1 0.000010 0.000010 0.000021 0.000945 0.000008 0.000012 0.000028 0.000011 
279 1 0.000010 0.000010 0.000021 0.000947 0.000008 0.000012 0.000028 0.000011 
280 0 0.000010 0.000010 0.000021 0.000948 0.000008 0.000012 0.000028 0.000011 
281 1 0.000010 0.000010 0.000021 0.000947 0.000008 0.000012 0.000028 0.000011 
282 1 0.000010 0.000010 0.000021 0.000946 0.000008 0.000012 0.000028 0.000011 
283 1 0.000010 0.000010 0.000021 0.000946 0.000008 0.000012 0.000028 0.000011 
284 1 0.000010 0.000010 0.000021 0.000946 0.000008 0.000012 0.000028 0.000011 
285 1 0.000010 0.000010 0.000021 0.000946 0.000008 0.000012 0.000028 0.000011 
286 0 0.000010 0.000010 0.000021 0.000946 0.000008 0.000012 0.000028 0.000011 
287 0 0.000010 0.000010 0.000021 0.000947 0.000008 0.000012 0.000028 0.000011 
288 0 0.000010 0.000010 0.000021 0.000946 0.000008 0.000012 0.000028 0.000011 
289 1 0.000010 0.000010 0.000021 0.000948 0.000008 0.000012 0.000028 0.000011 
290 0 0.000010 0.000010 0.000021 0.000946 0.000008 0.000012 0.000028 0.000011 
291 1 0.000010 0.000010 0.000021 0.000946 0.000008 0.000012 0.000028 0.000011 
292 0 0.000010 0.000010 0.000021 0.000947 0.000008 0.000012 0.000028 0.000011 
293 0 0.000010 0.000010 0.000021 0.000946 0.000008 0.000012 0.000028 0.000011 
294 0 0.000010 0.000010 0.000021 0.000946 0.000008 0.000012 0.000028 0.000011 
295 0 0.000010 0.000010 0.000021 0.000947 0.000008 0.000012 0.000028 0.000011 
296 1 0.000010 0.000010 0.000021 0.000947 0.000008 0.000012 0.000028 0.000011 
297 0 0.000010 0.000010 0.000021 0.000947 0.000008 0.000012 0.000028 0.000011 
298 0 0.000010 0.000010 0.000021 0.000946 0.000008 0.000012 0.000028 0.000011 
