299 2 7 
0 1 0.000580 0.000787 0.000611 0.000462 0.000474 0.000684 0.000231 
1 1 0.000580 0.000788 0.000612 0.000462 0.000474 0.000684 0.000231 
2 0 0.000580 0.000788 0.000612 0.000462 0.000474 0.000685 0.000231 
3 0 0.000580 0.000788 0.000612 0.000462 0.000474 0.000685 0.000231 
4 1 0.000579 0.000787 0.000611 0.000462 0.000474 0.000683 0.000231 
5 0 0.000580 0.000788 0.000612 0.000462 0.000474 0.000684 0.000231 
6 1 0.000580 0.000787 0.000611 0.000462 0.000474 0.000684 0.000231 
7 0 0.000580 0.000788 0.000612 0.000462 0.000474 0.000684 0.000231 
8 0 0.000580 0.000788 0.000612 0.000462 0.000474 0.000684 0.000231 
9 0 0.000580 0.000787 0.000611 0.000462 0.000474 0.000684 0.000231 
10 0 0.000580 0.000788 0.000612 0.000462 0.000474 0.000685 0.000231 
11 0 0.000580 0.000787 0.000611 0.000462 0.000474 0.000684 0.000231 
12 0 0.000580 0.000787 0.000612 0.000462 0.000474 0.000684 0.000231 
13 0 0.000580 0.000787 0.000611 0.000462 0.000474 0.000684 0.000231 
14 0 0.000580 0.000788 0.000612 0.000462 0.000474 0.000684 0.000231 
15 0 0.000579 0.000786 0.000611 0.000462 0.000473 0.000683 0.000231 
16 1 0.000580 0.000787 0.000611 0.000462 0.000474 0.000684 0.000231 
17 1 0.000580 0.000787 0.000611 0.000462 0.000474 0.000684 0.000231 
18 0 0.000580 0.000787 0.000611 0.000462 0.000474 0.000684 0.000231 
19 0 0.000580 0.000787 0.000611 0.000462 0.000474 0.000684 0.000231 
20 0 0.000580 0.000788 0.000612 0.000462 0.000474 0.000685 0.000231 
21 0 0.000580 0.000788 0.000612 0.000462 0.000474 0.000684 0.000231 
22 1 0.000580 0.000787 0.000611 0.000462 0.000474 0.000684 0.000231 
23 1 0.000580 0.000787 0.000611 0.000462 0.000474 0.000684 0.000231 
24 1 0.000580 0.000788 0.000612 0.000462 0.000474 0.000684 0.000231 
25 0 0.000580 0.000787 0.000611 0.000462 0.000474 0.000684 0.000231 
26 0 0.000580 0.000787 0.000611 0.000462 0.000474 0.000684 0.000231 
27 0 0.000580 0.000788 0.000612 0.000462 0.000474 0.000684 0.000231 
28 1 0.000579 0.000787 0.000611 0.000462 0.000474 0.000683 0.000231 
29 0 0.000580 0.000787 0.000612 0.000462 0.000474 0.000684 0.000231 
30 0 0.000579 0.000787 0.000611 0.000462 0.000474 0.000684 0.000231 
31 0 0.000579 0.000787 0.000611 0.000462 0.000474 0.000683 0.000231 
32 0 0.000580 0.000787 0.000611 0.000462 0.000474 0.000684 0.000231 
33 0 0.000580 0.000787 0.000611 0.000462 0.000474 0.000684 0.000231 
34 0 0.000579 0.000787 0.000611 0.000462 0.000474 0.000683 0.000231 
35 1 0.000580 0.000788 0.000612 0.000462 0.000474 0.000684 0.000231 
36 0 0.000580 0.000788 0.000612 0.000462 0.000474 0.000684 0.000231 
37 1 0.000579 0.000787 0.000611 0.000462 0.000474 0.000683 0.000231 
38 1 0.000579 0.000787 0.000611 0.000462 0.000474 0.000684 0.000231 
39 1 0.000580 0.000788 0.000612 0.000462 0.000474 0.000684 0.000231 
40 0 0.000580 0.000787 0.000611 0.000462 0.000474 0.000684 0.000231 
41 0 0.000580 0.000787 0.000611 0.000462 0.000474 0.000684 0.000231 
42 0 0.000580 0.000787 0.000611 0.000462 0.000474 0.000684 0.000231 
43 1 0.000580 0.000788 0.000612 0.000462 0.000474 0.000684 0.000231 
44 0 0.000580 0.000788 0.000612 0.000462 0.000474 0.000684 0.000231 
45 0 0.000580 0.000788 0.000612 0.000462 0.000474 0.000684 0.000231 
46 0 0.000580 0.000787 0.000611 0.000462 0.000474 0.000684 0.000231 
47 0 0.000580 0.000787 0.000611 0.000462 0.000474 0.000684 0.000231 
48 0 0.000579 0.000786 0.000611 0.000462 0.000473 0.000683 0.000231 
49 0 0.000580 0.000787 0.000612 0.000462 0.000474 0.000684 0.000231 
50 0 0.000580 0.000788 0.000612 0.000462 0.000474 0.000684 0.000231 
51 1 0.000580 0.000787 0.000611 0.000462 0.000474 0.000684 0.000231 
52 0 0.000579 0.000787 0.000611 0.000462 0.000474 0.000684 0.000231 
53 1 0.000580 0.000788 0.000612 0.000462 0.000474 0.000684 0.000231 
54 0 0.000580 0.000787 0.000612 0.000462 0.000474 0.000684 0.000231 
55 0 0.000579 0.000787 0.000611 0.000462 0.000474 0.000684 0.000231 
56 1 0.000580 0.000787 0.000612 0.000462 0.000474 0.000684 0.000231 
57 0 0.000580 0.000787 0.000611 0.000462 0.000474 0.000684 0.000231 
58 1 0.000580 0.000788 0.000612 0.000462 0.000474 0.000684 0.000231 
59 0 0.000580 0.000787 0.000611 0.000462 0.000474 0.000684 0.000231 
60 0 0.000580 0.000787 0.000611 0.000462 0.000474 0.000684 0.000231 
61 0 0.000580 0.000788 0.000612 0.000462 0.000474 0.000684 0.000231 
62 1 0.000580 0.000788 0.000612 0.000462 0.000474 0.000684 0.000231 
63 1 0.000579 0.000787 0.000611 0.000462 0.000474 0.000684 0.000231 
64 0 0.000580 0.000787 0.000611 0.000462 0.000474 0.000684 0.000231 
65 0 0.000580 0.000787 0.000611 0.000462 0.000474 0.000684 0.000231 
66 0 0.000580 0.000787 0.000611 0.000462 0.000474 0.000684 0.000231 
67 0 0.000580 0.000788 0.000612 0.000462 0.000474 0.000684 0.000231 
68 0 0.000580 0.000787 0.000611 0.000462 0.000474 0.000684 0.000231 
69 0 0.000580 0.000788 0.000612 0.000462 0.000474 0.000684 0.000231 
70 1 0.000579 0.000787 0.000611 0.000462 0.000474 0.000683 0.000231 
71 0 0.000579 0.000787 0.000611 0.000462 0.000474 0.000683 0.000231 
72 0 0.000580 0.000787 0.000611 0.000462 0.000474 0.000684 0.000231 
73 1 0.000579 0.000787 0.000611 0.000462 0.000474 0.000684 0.000231 
74 0 0.000580 0.000787 0.000611 0.000462 0.000474 0.000684 0.000231 
75 0 0.000580 0.000787 0.000611 0.000462 0.000474 0.000684 0.000231 
76 0 0.000580 0.000787 0.000611 0.000462 0.000474 0.000684 0.000231 
77 0 0.000580 0.000788 0.000612 0.000462 0.000474 0.000685 0.000231 
78 0 0.000579 0.000787 0.000611 0.000462 0.000474 0.000683 0.000231 
79 0 0.000579 0.000787 0.000611 0.000462 0.000474 0.000684 0.000231 
80 1 0.000580 0.000788 0.000612 0.000462 0.000474 0.000684 0.000231 
81 1 0.000580 0.000787 0.000611 0.000462 0.000474 0.000684 0.000231 
82 0 0.000580 0.000788 0.000612 0.000462 0.000474 0.000684 0.000231 
83 0 0.000580 0.000787 0.000611 0.000462 0.000474 0.000684 0.000231 
84 0 0.000580 0.000787 0.000611 0.000462 0.000474 0.000684 0.000231 
85 1 0.000580 0.000788 0.000612 0.000462 0.000474 0.000684 0.000231 
86 0 0.000580 0.000787 0.000611 0.000462 0.000474 0.000684 0.000231 
87 1 0.000580 0.000787 0.000611 0.000462 0.000474 0.000684 0.000231 
88 1 0.000579 0.000787 0.000611 0.000462 0.000474 0.000683 0.000231 
89 1 0.000580 0.000788 0.000612 0.000462 0.000474 0.000684 0.000231 
90 1 0.000580 0.000787 0.000611 0.000462 0.000474 0.000684 0.000231 
91 0 0.000579 0.000786 0.000611 0.000462 0.000473 0.000683 0.000231 
92 1 0.000580 0.000787 0.000611 0.000462 0.000474 0.000684 0.000231 
93 0 0.000580 0.000787 0.000612 0.000462 0.000474 0.000684 0.000231 
94 1 0.000580 0.000788 0.000612 0.000462 0.000474 0.000684 0.000231 
95 1 0.000579 0.000787 0.000611 0.000462 0.000474 0.000683 0.000231 
96 0 0.000580 0.000787 0.000611 0.000462 0.000474 0.000684 0.000231 
97 0 0.000580 0.000787 0.000611 0.000462 0.000474 0.000684 0.000231 
98 0 0.000579 0.000787 0.000611 0.000462 0.000474 0.000684 0.000231 
99 1 0.000580 0.000787 0.000611 0.000462 0.000474 0.000684 0.000231 
100 1 0.000580 0.000787 0.000611 0.000462 0.000474 0.000684 0.000231 
101 0 0.000580 0.000787 0.000611 0.000462 0.000474 0.000684 0.000231 
102 0 0.000580 0.000787 0.000611 0.000462 0.000474 0.000684 0.000231 
103 1 0.000580 0.000788 0.000612 0.000462 0.000474 0.000684 0.000231 
104 0 0.000580 0.000787 0.000611 0.000462 0.000474 0.000684 0.000231 
105 0 0.000580 0.000788 0.000612 0.000462 0.000474 0.000684 0.000231 
106 0 0.000580 0.000787 0.000611 0.000462 0.000474 0.000684 0.000231 
107 0 0.000579 0.000787 0.000611 0.000462 0.000474 0.000683 0.000231 
108 1 0.000580 0.000787 0.000611 0.000462 0.000474 0.000684 0.000231 
109 1 0.000580 0.000787 0.000611 0.000462 0.000474 0.000684 0.000231 
110 0 0.000580 0.000788 0.000612 0.000462 0.000474 0.000684 0.000231 
111 0 0.000580 0.000788 0.000612 0.000462 0.000474 0.000684 0.000231 
112 0 0.000580 0.000787 0.000611 0.000462 0.000474 0.000684 0.000231 
113 0 0.000580 0.000788 0.000612 0.000462 0.000474 0.000684 0.000231 
114 0 0.000580 0.000788 0.000612 0.000462 0.000474 0.000684 0.000231 
115 0 0.000580 0.000788 0.000612 0.000462 0.000474 0.000685 0.000231 
116 0 0.000580 0.000788 0.000612 0.000462 0.000474 0.000684 0.000231 
117 1 0.000580 0.000787 0.000611 0.000462 0.000474 0.000684 0.000231 
118 0 0.000580 0.000787 0.000611 0.000462 0.000474 0.000684 0.000231 
119 0 0.000580 0.000787 0.000611 0.000462 0.000474 0.000684 0.000231 
120 0 0.000580 0.000787 0.000611 0.000462 0.000474 0.000684 0.000231 
121 0 0.000580 0.000787 0.000611 0.000462 0.000474 0.000684 0.000231 
122 1 0.000580 0.000788 0.000612 0.000462 0.000474 0.000684 0.000231 
123 1 0.000580 0.000788 0.000612 0.000462 0.000474 0.000684 0.000231 
124 0 0.000580 0.000787 0.000611 0.000462 0.000474 0.000684 0.000231 
125 0 0.000579 0.000787 0.000611 0.000462 0.000474 0.000684 0.000231 
126 1 0.000580 0.000788 0.000612 0.000462 0.000474 0.000684 0.000231 
127 0 0.000580 0.000788 0.000612 0.000462 0.000474 0.000684 0.000231 
128 0 0.000580 0.000788 0.000612 0.000462 0.000474 0.000684 0.000231 
129 0 0.000580 0.000788 0.000612 0.000462 0.000474 0.000685 0.000231 
130 0 0.000579 0.000786 0.000611 0.000462 0.000473 0.000683 0.000231 
131 1 0.000580 0.000787 0.000611 0.000462 0.000474 0.000684 0.000231 
132 0 0.000580 0.000787 0.000611 0.000462 0.000474 0.000684 0.000231 
133 0 0.000580 0.000788 0.000612 0.000462 0.000474 0.000684 0.000231 
134 0 0.000580 0.000788 0.000612 0.000462 0.000474 0.000684 0.000231 
135 1 0.000580 0.000787 0.000611 0.000462 0.000474 0.000684 0.000231 
136 1 0.000580 0.000788 0.000612 0.000462 0.000474 0.000684 0.000231 
137 1 0.000579 0.000787 0.000611 0.000462 0.000474 0.000683 0.000231 
138 1 0.000580 0.000787 0.000611 0.000462 0.000474 0.000684 0.000231 
139 0 0.000580 0.000787 0.000611 0.000462 0.000474 0.000684 0.000231 
140 0 0.000580 0.000787 0.000611 0.000462 0.000474 0.000684 0.000231 
141 1 0.000580 0.000787 0.000611 0.000462 0.000474 0.000684 0.000231 
142 1 0.000580 0.000788 0.000612 0.000462 0.000474 0.000684 0.000231 
143 1 0.000580 0.000787 0.000611 0.000462 0.000474 0.000684 0.000231 
144 0 0.000580 0.000788 0.000612 0.000462 0.000474 0.000684 0.000231 
145 0 0.000579 0.000787 0.000611 0.000462 0.000474 0.000683 0.000231 
146 1 0.000579 0.000787 0.000611 0.000462 0.000474 0.000683 0.000231 
147 1 0.000579 0.000787 0.000611 0.000462 0.000474 0.000684 0.000231 
148 1 0.000580 0.000788 0.000612 0.000462 0.000474 0.000684 0.000231 
149 0 0.000580 0.000787 0.000611 0.000462 0.000474 0.000684 0.000231 
150 0 0.000580 0.000787 0.000611 0.000462 0.000474 0.000684 0.000231 
151 0 0.000580 0.000787 0.000611 0.000462 0.000474 0.000684 0.000231 
152 0 0.000580 0.000787 0.000611 0.000462 0.000474 0.000684 0.000231 
153 1 0.000580 0.000787 0.000611 0.000462 0.000474 0.000684 0.000231 
154 1 0.000580 0.000787 0.000611 0.000462 0.000474 0.000684 0.000231 
155 1 0.000579 0.000786 0.000611 0.000462 0.000474 0.000683 0.000231 
156 0 0.000580 0.000787 0.000612 0.000462 0.000474 0.000684 0.000231 
157 0 0.000580 0.000787 0.000611 0.000462 0.000474 0.000684 0.000231 
158 0 0.000580 0.000787 0.000611 0.000462 0.000474 0.000684 0.000231 
159 0 0.000580 0.000787 0.000611 0.000462 0.000474 0.000684 0.000231 
160 1 0.000580 0.000787 0.000611 0.000462 0.000474 0.000684 0.000231 
161 1 0.000580 0.000788 0.000612 0.000462 0.000474 0.000684 0.000231 
162 0 0.000580 0.000787 0.000611 0.000462 0.000474 0.000684 0.000231 
163 0 0.000580 0.000787 0.000611 0.000462 0.000474 0.000684 0.000231 
164 1 0.000580 0.000787 0.000611 0.000462 0.000474 0.000684 0.000231 
165 0 0.000580 0.000787 0.000611 0.000462 0.000474 0.000684 0.000231 
166 0 0.000580 0.000787 0.000611 0.000462 0.000474 0.000684 0.000231 
167 1 0.000579 0.000787 0.000611 0.000462 0.000474 0.000684 0.000231 
168 1 0.000580 0.000788 0.000612 0.000462 0.000474 0.000684 0.000231 
169 0 0.000580 0.000787 0.000611 0.000462 0.000474 0.000684 0.000231 
170 0 0.000580 0.000787 0.000611 0.000462 0.000474 0.000684 0.000231 
171 0 0.000579 0.000787 0.000611 0.000462 0.000474 0.000684 0.000231 
172 0 0.000580 0.000788 0.000612 0.000462 0.000474 0.000684 0.000231 
173 0 0.000580 0.000788 0.000612 0.000462 0.000474 0.000685 0.000231 
174 0 0.000580 0.000787 0.000611 0.000462 0.000474 0.000684 0.000231 
175 0 0.000580 0.000787 0.000611 0.000462 0.000474 0.000684 0.000231 
176 0 0.000580 0.000787 0.000611 0.000462 0.000474 0.000684 0.000231 
177 0 0.000580 0.000787 0.000612 0.000462 0.000474 0.000684 0.000231 
178 0 0.000580 0.000787 0.000611 0.000462 0.000474 0.000684 0.000231 
179 1 0.000580 0.000787 0.000611 0.000462 0.000474 0.000684 0.000231 
180 0 0.000580 0.000787 0.000611 0.000462 0.000474 0.000684 0.000231 
181 0 0.000580 0.000788 0.000612 0.000462 0.000474 0.000684 0.000231 
182 1 0.000580 0.000787 0.000611 0.000462 0.000474 0.000684 0.000231 
183 1 0.000580 0.000788 0.000612 0.000462 0.000474 0.000684 0.000231 
184 0 0.000580 0.000788 0.000612 0.000462 0.000474 0.000684 0.000231 
185 0 0.000580 0.000787 0.000611 0.000462 0.000474 0.000684 0.000231 
186 0 0.000580 0.000787 0.000611 0.000462 0.000474 0.000684 0.000231 
187 0 0.000580 0.000787 0.000611 0.000462 0.000474 0.000684 0.000231 
188 1 0.000579 0.000787 0.000611 0.000462 0.000474 0.000684 0.000231 
189 0 0.000580 0.000787 0.000611 0.000462 0.000474 0.000684 0.000231 
190 0 0.000580 0.000788 0.000612 0.000462 0.000474 0.000684 0.000231 
191 0 0.000580 0.000787 0.000611 0.000462 0.000474 0.000684 0.000231 
192 0 0.000580 0.000787 0.000611 0.000462 0.000474 0.000684 0.000231 
193 0 0.000579 0.000786 0.000611 0.000462 0.000473 0.000683 0.000231 
194 0 0.000580 0.000787 0.000611 0.000462 0.000474 0.000684 0.000231 
195 0 0.000580 0.000787 0.000611 0.000462 0.000474 0.000684 0.000231 
196 0 0.000580 0.000787 0.000611 0.000462 0.000474 0.000684 0.000231 
197 0 0.000580 0.000787 0.000611 0.000462 0.000474 0.000684 0.000231 
198 0 0.000580 0.000787 0.000611 0.000462 0.000474 0.000684 0.000231 
199 1 0.000580 0.000788 0.000612 0.000462 0.000474 0.000684 0.000231 
200 1 0.000580 0.000787 0.000611 0.000462 0.000474 0.000684 0.000231 
201 1 0.000580 0.000788 0.000612 0.000462 0.000474 0.000684 0.000231 
202 1 0.000579 0.000787 0.000611 0.000462 0.000474 0.000684 0.000231 
203 0 0.000580 0.000788 0.000612 0.000462 0.000474 0.000684 0.000231 
204 1 0.000580 0.000788 0.000612 0.000462 0.000474 0.000684 0.000231 
205 1 0.000580 0.000787 0.000611 0.000462 0.000474 0.000684 0.000231 
206 0 0.000580 0.000788 0.000612 0.000462 0.000474 0.000684 0.000231 
207 1 0.000580 0.000787 0.000611 0.000462 0.000474 0.000684 0.000231 
208 0 0.000580 0.000787 0.000611 0.000462 0.000474 0.000684 0.000231 
209 0 0.000580 0.000787 0.000611 0.000462 0.000474 0.000684 0.000231 
210 0 0.000580 0.000787 0.000611 0.000462 0.000474 0.000684 0.000231 
211 0 0.000580 0.000788 0.000612 0.000462 0.000474 0.000685 0.000231 
212 0 0.000580 0.000787 0.000611 0.000462 0.000474 0.000684 0.000231 
213 1 0.000580 0.000788 0.000612 0.000462 0.000474 0.000684 0.000231 
214 0 0.000580 0.000788 0.000612 0.000462 0.000474 0.000684 0.000231 
215 0 0.000580 0.000788 0.000612 0.000462 0.000474 0.000684 0.000231 
216 0 0.000580 0.000787 0.000611 0.000462 0.000474 0.000684 0.000231 
217 0 0.000580 0.000788 0.000612 0.000462 0.000474 0.000684 0.000231 
218 0 0.000580 0.000787 0.000611 0.000462 0.000474 0.000684 0.000231 
219 0 0.000580 0.000788 0.000612 0.000462 0.000474 0.000684 0.000231 
220 0 0.000580 0.000787 0.000611 0.000462 0.000474 0.000684 0.000231 
221 0 0.000580 0.000788 0.000612 0.000462 0.000474 0.000684 0.000231 
222 0 0.000580 0.000787 0.000611 0.000462 0.000474 0.000684 0.000231 
223 0 0.000580 0.000788 0.000612 0.000462 0.000474 0.000684 0.000231 
224 0 0.000580 0.000787 0.000611 0.000462 0.000474 0.000684 0.000231 
225 1 0.000580 0.000788 0.000612 0.000462 0.000474 0.000684 0.000231 
226 0 0.000580 0.000787 0.000611 0.000462 0.000474 0.000684 0.000231 
227 0 0.000580 0.000787 0.000611 0.000462 0.000474 0.000684 0.000231 
228 0 0.000580 0.000787 0.000611 0.000462 0.000474 0.000684 0.000231 
229 0 0.000579 0.000787 0.000611 0.000462 0.000474 0.000683 0.000231 
230 0 0.000580 0.000787 0.000611 0.000462 0.000474 0.000684 0.000231 
231 0 0.000580 0.000788 0.000612 0.000462 0.000474 0.000684 0.000231 
232 1 0.000579 0.000787 0.000611 0.000462 0.000474 0.000684 0.000231 
233 0 0.000580 0.000787 0.000611 0.000462 0.000474 0.000684 0.000231 
234 0 0.000580 0.000788 0.000612 0.000462 0.000474 0.000684 0.000231 
235 0 0.000580 0.000788 0.000612 0.000462 0.000474 0.000685 0.000231 
236 1 0.000580 0.000787 0.000611 0.000462 0.000474 0.000684 0.000231 
237 0 0.000580 0.000788 0.000612 0.000462 0.000474 0.000684 0.000231 
238 0 0.000580 0.000788 0.000612 0.000462 0.000474 0.000685 0.000231 
239 0 0.000580 0.000787 0.000611 0.000462 0.000474 0.000684 0.000231 
240 0 0.000579 0.000786 0.000611 0.000462 0.000473 0.000683 0.000231 
241 0 0.000580 0.000787 0.000611 0.000462 0.000474 0.000684 0.000231 
242 1 0.000580 0.000787 0.000611 0.000462 0.000474 0.000684 0.000231 
243 0 0.000580 0.000788 0.000612 0.000462 0.000474 0.000684 0.000231 
244 1 0.000580 0.000789 0.000612 0.000463 0.000474 0.000685 0.000231 
245 1 0.000579 0.000787 0.000611 0.000462 0.000474 0.000684 0.000231 
246 1 0.000580 0.000787 0.000611 0.000462 0.000474 0.000684 0.000231 
247 0 0.000580 0.000788 0.000612 0.000462 0.000474 0.000684 0.000231 
248 0 0.000579 0.000787 0.000611 0.000462 0.000474 0.000684 0.000231 
249 0 0.000579 0.000787 0.000611 0.000462 0.000474 0.000684 0.000231 
250 0 0.000580 0.000788 0.000612 0.000462 0.000474 0.000684 0.000231 
251 0 0.000580 0.000787 0.000611 0.000462 0.000474 0.000684 0.000231 
252 0 0.000580 0.000787 0.000611 0.000462 0.000474 0.000684 0.000231 
253 0 0.000580 0.000787 0.000611 0.000462 0.000474 0.000684 0.000231 
254 0 0.000580 0.000788 0.000612 0.000462 0.000474 0.000685 0.000231 
255 1 0.000580 0.000787 0.000611 0.000462 0.000474 0.000684 0.000231 
256 1 0.000580 0.000788 0.000612 0.000463 0.000474 0.000685 0.000231 
257 0 0.000580 0.000788 0.000612 0.000462 0.000474 0.000685 0.000231 
258 0 0.000580 0.000787 0.000611 0.000462 0.000474 0.000684 0.000231 
259 1 0.000580 0.000788 0.000612 0.000462 0.000474 0.000684 0.000231 
260 1 0.000579 0.000787 0.000611 0.000462 0.000474 0.000683 0.000231 
261 0 0.000580 0.000788 0.000612 0.000462 0.000474 0.000685 0.000231 
262 0 0.000580 0.000788 0.000612 0.000462 0.000474 0.000684 0.000231 
263 1 0.000580 0.000787 0.000611 0.000462 0.000474 0.000684 0.000231 
264 0 0.000580 0.000788 0.000612 0.000462 0.000474 0.000684 0.000231 
265 0 0.000580 0.000788 0.000612 0.000462 0.000474 0.000684 0.000231 
266 1 0.000580 0.000788 0.000612 0.000462 0.000474 0.000684 0.000231 
267 1 0.000580 0.000787 0.000611 0.000462 0.000474 0.000684 0.000231 
268 0 0.000580 0.000788 0.000612 0.000462 0.000474 0.000685 0.000231 
269 0 0.000580 0.000788 0.000612 0.000462 0.000474 0.000685 0.000231 
270 1 0.000580 0.000788 0.000612 0.000462 0.000474 0.000684 0.000231 
271 0 0.000580 0.000787 0.000611 0.000462 0.000474 0.000684 0.000231 
272 1 0.000580 0.000788 0.000612 0.000462 0.000474 0.000684 0.000231 
273 0 0.000580 0.000787 0.000611 0.000462 0.000474 0.000684 0.000231 
274 0 0.000580 0.000788 0.000612 0.000462 0.000474 0.000685 0.000231 
275 0 0.000579 0.000787 0.000611 0.000462 0.000474 0.000684 0.000231 
276 0 0.000580 0.000787 0.000612 0.000462 0.000474 0.000684 0.000231 
277 0 0.000580 0.000787 0.000611 0.000462 0.000474 0.000684 0.000231 
278 1 0.000579 0.000787 0.000611 0.000462 0.000474 0.000683 0.000231 
279 1 0.000580 0.000788 0.000612 0.000462 0.000474 0.000684 0.000231 
280 0 0.000580 0.000788 0.000612 0.000462 0.000474 0.000685 0.000231 
281 1 0.000580 0.000788 0.000612 0.000462 0.000474 0.000684 0.000231 
282 1 0.000580 0.000787 0.000611 0.000462 0.000474 0.000684 0.000231 
283 1 0.000580 0.000787 0.000611 0.000462 0.000474 0.000684 0.000231 
284 1 0.000579 0.000787 0.000611 0.000462 0.000474 0.000684 0.000231 
285 1 0.000579 0.000787 0.000611 0.000462 0.000474 0.000683 0.000231 
286 0 0.000580 0.000787 0.000611 0.000462 0.000474 0.000684 0.000231 
287 0 0.000580 0.000788 0.000612 0.000462 0.000474 0.000684 0.000231 
288 0 0.000580 0.000787 0.000611 0.000462 0.000474 0.000684 0.000231 
289 1 0.000580 0.000788 0.000612 0.000462 0.000474 0.000684 0.000231 
290 0 0.000580 0.000787 0.000611 0.000462 0.000474 0.000684 0.000231 
291 1 0.000580 0.000787 0.000611 0.000462 0.000474 0.000684 0.000231 
292 0 0.000580 0.000788 0.000612 0.000462 0.000474 0.000684 0.000231 
293 0 0.000580 0.000787 0.000611 0.000462 0.000474 0.000684 0.000231 
294 0 0.000580 0.000787 0.000611 0.000462 0.000474 0.000684 0.000231 
295 0 0.000580 0.000788 0.000612 0.000462 0.000474 0.000684 0.000231 
296 1 0.000580 0.000788 0.000612 0.000462 0.000474 0.000684 0.000231 
297 0 0.000580 0.000787 0.000612 0.000462 0.000474 0.000684 0.000231 
298 0 0.000580 0.000787 0.000611 0.000462 0.000474 0.000684 0.000231 
