299 2 6 
0 0 0.000911 0.000960 0.000733 0.000812 0.000983 0.000877 
1 0 0.000912 0.000960 0.000733 0.000812 0.000983 0.000877 
2 0 0.000912 0.000961 0.000733 0.000813 0.000984 0.000878 
3 0 0.000912 0.000961 0.000733 0.000812 0.000984 0.000877 
4 0 0.000912 0.000960 0.000733 0.000812 0.000983 0.000877 
5 1 0.000912 0.000960 0.000733 0.000812 0.000984 0.000877 
6 0 0.000912 0.000961 0.000733 0.000812 0.000984 0.000877 
7 0 0.000911 0.000960 0.000733 0.000812 0.000983 0.000877 
8 0 0.000911 0.000960 0.000733 0.000812 0.000983 0.000877 
9 0 0.000911 0.000960 0.000733 0.000812 0.000983 0.000877 
10 0 0.000912 0.000961 0.000733 0.000812 0.000984 0.000877 
11 0 0.000911 0.000960 0.000733 0.000812 0.000983 0.000877 
12 1 0.000912 0.000960 0.000733 0.000812 0.000983 0.000877 
13 0 0.000911 0.000960 0.000733 0.000812 0.000983 0.000877 
14 0 0.000911 0.000960 0.000733 0.000812 0.000983 0.000877 
15 0 0.000911 0.000960 0.000733 0.000812 0.000983 0.000877 
16 0 0.000911 0.000960 0.000733 0.000812 0.000983 0.000877 
17 0 0.000912 0.000961 0.000733 0.000812 0.000984 0.000877 
18 0 0.000912 0.000960 0.000733 0.000812 0.000984 0.000877 
19 1 0.000911 0.000960 0.000733 0.000812 0.000983 0.000877 
20 1 0.000912 0.000960 0.000733 0.000812 0.000984 0.000877 
21 1 0.000912 0.000961 0.000733 0.000812 0.000984 0.000877 
22 1 0.000911 0.000960 0.000733 0.000812 0.000983 0.000877 
23 1 0.000911 0.000960 0.000733 0.000812 0.000983 0.000877 
24 0 0.000912 0.000960 0.000733 0.000812 0.000983 0.000877 
25 0 0.000911 0.000960 0.000733 0.000812 0.000983 0.000877 
26 0 0.000911 0.000960 0.000733 0.000812 0.000983 0.000877 
27 1 0.000912 0.000961 0.000733 0.000813 0.000984 0.000878 
28 0 0.000911 0.000960 0.000733 0.000812 0.000983 0.000877 
29 0 0.000912 0.000960 0.000733 0.000812 0.000984 0.000877 
30 0 0.000911 0.000960 0.000733 0.000812 0.000983 0.000877 
31 0 0.000911 0.000960 0.000733 0.000812 0.000983 0.000877 
32 0 0.000912 0.000960 0.000733 0.000812 0.000984 0.000877 
33 0 0.000911 0.000960 0.000733 0.000812 0.000983 0.000877 
34 1 0.000912 0.000961 0.000733 0.000813 0.000984 0.000878 
35 0 0.000912 0.000960 0.000733 0.000812 0.000983 0.000877 
36 0 0.000912 0.000961 0.000733 0.000813 0.000984 0.000878 
37 0 0.000911 0.000960 0.000733 0.000812 0.000983 0.000877 
38 0 0.000912 0.000960 0.000733 0.000812 0.000984 0.000877 
39 1 0.000912 0.000961 0.000733 0.000812 0.000984 0.000877 
40 0 0.000912 0.000960 0.000733 0.000812 0.000984 0.000877 
41 0 0.000912 0.000961 0.000733 0.000813 0.000984 0.000878 
42 1 0.000912 0.000960 0.000733 0.000812 0.000983 0.000877 
43 0 0.000911 0.000960 0.000733 0.000812 0.000983 0.000877 
44 0 0.000912 0.000960 0.000733 0.000812 0.000984 0.000877 
45 1 0.000912 0.000961 0.000733 0.000812 0.000984 0.000878 
46 1 0.000911 0.000960 0.000733 0.000812 0.000983 0.000877 
47 1 0.000911 0.000960 0.000733 0.000812 0.000983 0.000877 
48 0 0.000912 0.000961 0.000733 0.000812 0.000984 0.000877 
49 0 0.000912 0.000961 0.000733 0.000812 0.000984 0.000877 
50 0 0.000911 0.000960 0.000733 0.000812 0.000983 0.000877 
51 0 0.000911 0.000960 0.000733 0.000812 0.000983 0.000877 
52 0 0.000911 0.000960 0.000733 0.000812 0.000983 0.000877 
53 0 0.000912 0.000960 0.000733 0.000812 0.000984 0.000877 
54 0 0.000911 0.000960 0.000733 0.000812 0.000983 0.000877 
55 0 0.000911 0.000960 0.000733 0.000812 0.000983 0.000877 
56 0 0.000912 0.000960 0.000733 0.000812 0.000983 0.000877 
57 1 0.000911 0.000960 0.000733 0.000812 0.000983 0.000877 
58 0 0.000912 0.000960 0.000733 0.000812 0.000983 0.000877 
59 0 0.000911 0.000960 0.000733 0.000812 0.000983 0.000877 
60 1 0.000912 0.000960 0.000733 0.000812 0.000984 0.000877 
61 0 0.000912 0.000961 0.000733 0.000813 0.000984 0.000878 
62 1 0.000912 0.000960 0.000733 0.000812 0.000983 0.000877 
63 1 0.000911 0.000960 0.000733 0.000812 0.000983 0.000877 
64 0 0.000911 0.000960 0.000733 0.000812 0.000983 0.000877 
65 0 0.000911 0.000960 0.000733 0.000812 0.000983 0.000877 
66 0 0.000912 0.000961 0.000733 0.000813 0.000984 0.000878 
67 0 0.000911 0.000960 0.000733 0.000812 0.000983 0.000877 
68 0 0.000911 0.000960 0.000733 0.000812 0.000983 0.000877 
69 0 0.000912 0.000961 0.000733 0.000812 0.000984 0.000877 
70 0 0.000912 0.000960 0.000733 0.000812 0.000984 0.000877 
71 0 0.000911 0.000960 0.000733 0.000812 0.000983 0.000877 
72 0 0.000911 0.000960 0.000733 0.000812 0.000983 0.000877 
73 1 0.000911 0.000960 0.000733 0.000812 0.000983 0.000877 
74 1 0.000911 0.000960 0.000733 0.000812 0.000983 0.000877 
75 0 0.000911 0.000960 0.000733 0.000812 0.000983 0.000877 
76 0 0.000912 0.000961 0.000733 0.000812 0.000984 0.000877 
77 1 0.000913 0.000961 0.000734 0.000813 0.000985 0.000878 
78 1 0.000911 0.000960 0.000733 0.000812 0.000983 0.000877 
79 1 0.000912 0.000961 0.000733 0.000812 0.000984 0.000877 
80 0 0.000912 0.000960 0.000733 0.000812 0.000984 0.000877 
81 0 0.000911 0.000960 0.000733 0.000812 0.000983 0.000877 
82 1 0.000912 0.000960 0.000733 0.000812 0.000984 0.000877 
83 0 0.000911 0.000960 0.000733 0.000812 0.000983 0.000877 
84 0 0.000911 0.000960 0.000733 0.000812 0.000983 0.000877 
85 0 0.000911 0.000960 0.000733 0.000812 0.000983 0.000877 
86 1 0.000911 0.000960 0.000733 0.000812 0.000983 0.000877 
87 0 0.000912 0.000961 0.000733 0.000813 0.000984 0.000878 
88 0 0.000911 0.000960 0.000733 0.000812 0.000983 0.000877 
89 1 0.000911 0.000960 0.000733 0.000812 0.000983 0.000877 
90 0 0.000912 0.000961 0.000733 0.000813 0.000984 0.000878 
91 0 0.000912 0.000961 0.000733 0.000813 0.000984 0.000878 
92 0 0.000911 0.000960 0.000732 0.000812 0.000983 0.000877 
93 0 0.000912 0.000961 0.000733 0.000813 0.000984 0.000878 
94 1 0.000911 0.000960 0.000733 0.000812 0.000983 0.000877 
95 0 0.000911 0.000960 0.000733 0.000812 0.000983 0.000877 
96 0 0.000911 0.000960 0.000733 0.000812 0.000983 0.000877 
97 0 0.000911 0.000960 0.000733 0.000812 0.000983 0.000877 
98 0 0.000913 0.000962 0.000734 0.000813 0.000985 0.000878 
99 0 0.000912 0.000961 0.000733 0.000813 0.000984 0.000878 
100 0 0.000911 0.000960 0.000733 0.000812 0.000983 0.000877 
101 0 0.000911 0.000960 0.000733 0.000812 0.000983 0.000877 
102 1 0.000911 0.000960 0.000733 0.000812 0.000983 0.000877 
103 0 0.000911 0.000960 0.000733 0.000812 0.000983 0.000877 
104 0 0.000912 0.000960 0.000733 0.000812 0.000983 0.000877 
105 0 0.000911 0.000960 0.000733 0.000812 0.000983 0.000877 
106 1 0.000913 0.000961 0.000734 0.000813 0.000985 0.000878 
107 0 0.000912 0.000960 0.000733 0.000812 0.000984 0.000877 
108 0 0.000911 0.000960 0.000733 0.000812 0.000983 0.000877 
109 1 0.000912 0.000961 0.000733 0.000813 0.000984 0.000878 
110 0 0.000911 0.000960 0.000733 0.000812 0.000983 0.000877 
111 1 0.000911 0.000960 0.000733 0.000812 0.000983 0.000877 
112 0 0.000911 0.000960 0.000733 0.000812 0.000983 0.000877 
113 0 0.000912 0.000961 0.000733 0.000813 0.000984 0.000878 
114 0 0.000911 0.000960 0.000733 0.000812 0.000983 0.000877 
115 0 0.000912 0.000961 0.000733 0.000813 0.000984 0.000878 
116 0 0.000911 0.000960 0.000733 0.000812 0.000983 0.000877 
117 1 0.000911 0.000960 0.000733 0.000812 0.000983 0.000877 
118 0 0.000912 0.000961 0.000733 0.000813 0.000984 0.000878 
119 0 0.000912 0.000960 0.000733 0.000812 0.000983 0.000877 
120 0 0.000912 0.000961 0.000733 0.000813 0.000984 0.000878 
121 0 0.000912 0.000961 0.000733 0.000813 0.000984 0.000878 
122 0 0.000911 0.000960 0.000733 0.000812 0.000983 0.000877 
123 0 0.000911 0.000960 0.000733 0.000812 0.000983 0.000877 
124 0 0.000911 0.000960 0.000733 0.000812 0.000983 0.000877 
125 0 0.000911 0.000960 0.000733 0.000812 0.000983 0.000877 
126 0 0.000912 0.000960 0.000733 0.000812 0.000984 0.000877 
127 0 0.000912 0.000960 0.000733 0.000812 0.000983 0.000877 
128 0 0.000911 0.000960 0.000733 0.000812 0.000983 0.000877 
129 0 0.000911 0.000960 0.000733 0.000812 0.000983 0.000877 
130 0 0.000912 0.000960 0.000733 0.000812 0.000984 0.000877 
131 0 0.000912 0.000960 0.000733 0.000812 0.000983 0.000877 
132 0 0.000912 0.000961 0.000733 0.000813 0.000984 0.000878 
133 0 0.000911 0.000960 0.000733 0.000812 0.000983 0.000877 
134 0 0.000912 0.000960 0.000733 0.000812 0.000983 0.000877 
135 0 0.000912 0.000961 0.000733 0.000813 0.000984 0.000878 
136 0 0.000911 0.000960 0.000733 0.000812 0.000983 0.000877 
137 0 0.000911 0.000960 0.000733 0.000812 0.000983 0.000877 
138 0 0.000913 0.000962 0.000734 0.000813 0.000985 0.000878 
139 1 0.000912 0.000960 0.000733 0.000812 0.000983 0.000877 
140 0 0.000911 0.000960 0.000733 0.000812 0.000983 0.000877 
141 0 0.000912 0.000961 0.000733 0.000813 0.000984 0.000878 
142 0 0.000911 0.000960 0.000733 0.000812 0.000983 0.000877 
143 0 0.000911 0.000960 0.000733 0.000812 0.000983 0.000877 
144 0 0.000912 0.000961 0.000733 0.000813 0.000984 0.000878 
145 0 0.000911 0.000960 0.000733 0.000812 0.000983 0.000877 
146 0 0.000912 0.000960 0.000733 0.000812 0.000983 0.000877 
147 0 0.000911 0.000960 0.000733 0.000812 0.000983 0.000877 
148 1 0.000913 0.000961 0.000734 0.000813 0.000985 0.000878 
149 0 0.000911 0.000960 0.000733 0.000812 0.000983 0.000877 
150 1 0.000912 0.000960 0.000733 0.000812 0.000983 0.000877 
151 0 0.000911 0.000960 0.000733 0.000812 0.000983 0.000877 
152 0 0.000911 0.000960 0.000733 0.000812 0.000983 0.000877 
153 1 0.000912 0.000961 0.000733 0.000813 0.000984 0.000878 
154 0 0.000912 0.000960 0.000733 0.000812 0.000984 0.000877 
155 0 0.000912 0.000960 0.000733 0.000812 0.000983 0.000877 
156 1 0.000912 0.000961 0.000733 0.000813 0.000984 0.000878 
157 1 0.000912 0.000961 0.000733 0.000813 0.000984 0.000878 
158 0 0.000911 0.000960 0.000733 0.000812 0.000983 0.000877 
159 0 0.000913 0.000962 0.000734 0.000813 0.000985 0.000878 
160 0 0.000912 0.000961 0.000733 0.000813 0.000984 0.000878 
161 0 0.000911 0.000960 0.000733 0.000812 0.000983 0.000877 
162 0 0.000911 0.000960 0.000733 0.000812 0.000983 0.000877 
163 0 0.000912 0.000960 0.000733 0.000812 0.000983 0.000877 
164 0 0.000912 0.000961 0.000733 0.000813 0.000984 0.000878 
165 0 0.000911 0.000960 0.000733 0.000812 0.000983 0.000877 
166 1 0.000912 0.000961 0.000733 0.000813 0.000984 0.000878 
167 0 0.000911 0.000960 0.000733 0.000812 0.000983 0.000877 
168 1 0.000912 0.000961 0.000733 0.000812 0.000984 0.000877 
169 0 0.000911 0.000960 0.000733 0.000812 0.000983 0.000877 
170 0 0.000912 0.000961 0.000733 0.000813 0.000984 0.000878 
171 1 0.000912 0.000961 0.000733 0.000813 0.000984 0.000878 
172 0 0.000912 0.000960 0.000733 0.000812 0.000984 0.000877 
173 0 0.000912 0.000961 0.000733 0.000812 0.000984 0.000877 
174 0 0.000912 0.000961 0.000733 0.000813 0.000984 0.000878 
175 0 0.000911 0.000960 0.000733 0.000812 0.000983 0.000877 
176 0 0.000911 0.000960 0.000733 0.000812 0.000983 0.000877 
177 0 0.000911 0.000960 0.000733 0.000812 0.000983 0.000877 
178 1 0.000911 0.000960 0.000733 0.000812 0.000983 0.000877 
179 1 0.000912 0.000960 0.000733 0.000812 0.000983 0.000877 
180 0 0.000911 0.000960 0.000733 0.000812 0.000983 0.000877 
181 0 0.000911 0.000960 0.000733 0.000812 0.000983 0.000877 
182 1 0.000912 0.000961 0.000733 0.000813 0.000984 0.000878 
183 1 0.000913 0.000961 0.000734 0.000813 0.000985 0.000878 
184 1 0.000911 0.000960 0.000733 0.000812 0.000983 0.000877 
185 0 0.000912 0.000961 0.000733 0.000812 0.000984 0.000878 
186 0 0.000912 0.000960 0.000733 0.000812 0.000984 0.000877 
187 0 0.000912 0.000961 0.000733 0.000813 0.000984 0.000878 
188 1 0.000912 0.000961 0.000733 0.000812 0.000984 0.000878 
189 1 0.000911 0.000960 0.000733 0.000812 0.000983 0.000877 
190 0 0.000912 0.000960 0.000733 0.000812 0.000983 0.000877 
191 0 0.000912 0.000960 0.000733 0.000812 0.000983 0.000877 
192 0 0.000912 0.000961 0.000733 0.000812 0.000984 0.000877 
193 0 0.000911 0.000960 0.000733 0.000812 0.000983 0.000877 
194 0 0.000912 0.000960 0.000733 0.000812 0.000984 0.000877 
195 1 0.000912 0.000960 0.000733 0.000812 0.000983 0.000877 
196 1 0.000911 0.000960 0.000733 0.000812 0.000983 0.000877 
197 0 0.000912 0.000961 0.000733 0.000813 0.000984 0.000878 
198 0 0.000911 0.000960 0.000733 0.000812 0.000983 0.000877 
199 0 0.000911 0.000960 0.000733 0.000812 0.000983 0.000877 
200 0 0.000912 0.000961 0.000733 0.000813 0.000984 0.000878 
201 1 0.000912 0.000961 0.000733 0.000813 0.000984 0.000878 
202 0 0.000911 0.000960 0.000733 0.000812 0.000983 0.000877 
203 1 0.000912 0.000960 0.000733 0.000812 0.000984 0.000877 
204 1 0.000912 0.000961 0.000733 0.000813 0.000984 0.000878 
205 1 0.000912 0.000961 0.000733 0.000813 0.000984 0.000878 
206 0 0.000912 0.000960 0.000733 0.000812 0.000984 0.000877 
207 1 0.000913 0.000961 0.000734 0.000813 0.000985 0.000878 
208 1 0.000912 0.000961 0.000733 0.000813 0.000984 0.000878 
209 1 0.000911 0.000960 0.000733 0.000812 0.000983 0.000877 
210 0 0.000912 0.000960 0.000733 0.000812 0.000984 0.000877 
211 1 0.000912 0.000961 0.000733 0.000813 0.000984 0.000878 
212 0 0.000911 0.000960 0.000733 0.000812 0.000983 0.000877 
213 1 0.000912 0.000961 0.000733 0.000813 0.000984 0.000878 
214 0 0.000911 0.000960 0.000733 0.000812 0.000983 0.000877 
215 0 0.000911 0.000960 0.000733 0.000812 0.000983 0.000877 
216 1 0.000911 0.000960 0.000733 0.000812 0.000983 0.000877 
217 1 0.000912 0.000960 0.000733 0.000812 0.000983 0.000877 
218 1 0.000912 0.000960 0.000733 0.000812 0.000983 0.000877 
219 1 0.000911 0.000960 0.000733 0.000812 0.000983 0.000877 
220 1 0.000912 0.000961 0.000733 0.000813 0.000984 0.000878 
221 1 0.000911 0.000960 0.000733 0.000812 0.000983 0.000877 
222 0 0.000912 0.000961 0.000733 0.000813 0.000984 0.000878 
223 0 0.000912 0.000960 0.000733 0.000812 0.000984 0.000877 
224 1 0.000912 0.000961 0.000733 0.000813 0.000984 0.000878 
225 1 0.000911 0.000960 0.000733 0.000812 0.000983 0.000877 
226 0 0.000912 0.000960 0.000733 0.000812 0.000983 0.000877 
227 0 0.000912 0.000961 0.000733 0.000812 0.000984 0.000877 
228 0 0.000913 0.000962 0.000734 0.000813 0.000985 0.000878 
229 0 0.000911 0.000960 0.000733 0.000812 0.000983 0.000877 
230 0 0.000911 0.000960 0.000733 0.000812 0.000983 0.000877 
231 0 0.000911 0.000960 0.000733 0.000812 0.000983 0.000877 
232 0 0.000911 0.000960 0.000733 0.000812 0.000983 0.000877 
233 0 0.000911 0.000960 0.000733 0.000812 0.000983 0.000877 
234 0 0.000912 0.000960 0.000733 0.000812 0.000983 0.000877 
235 0 0.000912 0.000961 0.000733 0.000813 0.000984 0.000878 
236 1 0.000912 0.000961 0.000733 0.000812 0.000984 0.000877 
237 0 0.000911 0.000960 0.000733 0.000812 0.000983 0.000877 
238 0 0.000912 0.000961 0.000733 0.000813 0.000984 0.000878 
239 0 0.000913 0.000962 0.000734 0.000813 0.000985 0.000878 
240 0 0.000911 0.000960 0.000733 0.000812 0.000983 0.000877 
241 0 0.000912 0.000960 0.000733 0.000812 0.000983 0.000877 
242 0 0.000911 0.000960 0.000733 0.000812 0.000983 0.000877 
243 1 0.000912 0.000961 0.000733 0.000813 0.000984 0.000878 
244 1 0.000912 0.000961 0.000733 0.000813 0.000984 0.000878 
245 0 0.000911 0.000960 0.000733 0.000812 0.000983 0.000877 
246 0 0.000911 0.000960 0.000733 0.000812 0.000983 0.000877 
247 0 0.000912 0.000961 0.000733 0.000812 0.000984 0.000877 
248 1 0.000911 0.000960 0.000733 0.000812 0.000983 0.000877 
249 0 0.000911 0.000960 0.000733 0.000812 0.000983 0.000877 
250 0 0.000912 0.000961 0.000733 0.000813 0.000984 0.000878 
251 0 0.000911 0.000960 0.000733 0.000812 0.000983 0.000877 
252 1 0.000911 0.000960 0.000733 0.000812 0.000983 0.000877 
253 0 0.000911 0.000960 0.000733 0.000812 0.000983 0.000877 
254 1 0.000911 0.000960 0.000733 0.000812 0.000983 0.000877 
255 0 0.000912 0.000960 0.000733 0.000812 0.000984 0.000877 
256 0 0.000913 0.000962 0.000734 0.000813 0.000985 0.000878 
257 1 0.000912 0.000960 0.000733 0.000812 0.000984 0.000877 
258 1 0.000912 0.000961 0.000733 0.000812 0.000984 0.000878 
259 1 0.000912 0.000961 0.000733 0.000813 0.000984 0.000878 
260 1 0.000912 0.000961 0.000733 0.000812 0.000984 0.000877 
261 1 0.000911 0.000960 0.000733 0.000812 0.000983 0.000877 
262 0 0.000911 0.000960 0.000733 0.000812 0.000983 0.000877 
263 0 0.000911 0.000960 0.000733 0.000812 0.000983 0.000877 
264 0 0.000912 0.000961 0.000733 0.000813 0.000984 0.000878 
265 0 0.000911 0.000960 0.000733 0.000812 0.000983 0.000877 
266 0 0.000912 0.000961 0.000733 0.000812 0.000984 0.000877 
267 0 0.000912 0.000961 0.000733 0.000813 0.000984 0.000878 
268 0 0.000912 0.000961 0.000733 0.000813 0.000984 0.000878 
269 0 0.000911 0.000960 0.000733 0.000812 0.000983 0.000877 
270 0 0.000912 0.000961 0.000733 0.000813 0.000984 0.000878 
271 1 0.000912 0.000960 0.000733 0.000812 0.000984 0.000877 
272 0 0.000911 0.000960 0.000733 0.000812 0.000983 0.000877 
273 1 0.000911 0.000960 0.000733 0.000812 0.000983 0.000877 
274 0 0.000911 0.000960 0.000733 0.000812 0.000983 0.000877 
275 0 0.000912 0.000961 0.000733 0.000813 0.000984 0.000878 
276 0 0.000911 0.000960 0.000733 0.000812 0.000983 0.000877 
277 1 0.000913 0.000961 0.000733 0.000813 0.000985 0.000878 
278 0 0.000911 0.000960 0.000733 0.000812 0.000983 0.000877 
279 0 0.000911 0.000960 0.000733 0.000812 0.000983 0.000877 
280 1 0.000912 0.000960 0.000733 0.000812 0.000983 0.000877 
281 0 0.000912 0.000960 0.000733 0.000812 0.000983 0.000877 
282 0 0.000911 0.000960 0.000733 0.000812 0.000983 0.000877 
283 0 0.000912 0.000961 0.000733 0.000812 0.000984 0.000878 
284 1 0.000912 0.000961 0.000733 0.000813 0.000984 0.000878 
285 0 0.000912 0.000960 0.000733 0.000812 0.000983 0.000877 
286 1 0.000911 0.000960 0.000733 0.000812 0.000983 0.000877 
287 0 0.000911 0.000960 0.000733 0.000812 0.000983 0.000877 
288 0 0.000911 0.000960 0.000733 0.000812 0.000983 0.000877 
289 0 0.000913 0.000962 0.000734 0.000813 0.000985 0.000878 
290 0 0.000911 0.000960 0.000733 0.000812 0.000983 0.000877 
291 0 0.000911 0.000960 0.000733 0.000812 0.000983 0.000877 
292 0 0.000911 0.000960 0.000733 0.000812 0.000983 0.000877 
293 1 0.000911 0.000960 0.000733 0.000812 0.000983 0.000877 
294 0 0.000911 0.000960 0.000733 0.000812 0.000983 0.000877 
295 1 0.000912 0.000960 0.000733 0.000812 0.000983 0.000877 
296 0 0.000912 0.000961 0.000733 0.000813 0.000984 0.000878 
297 0 0.000911 0.000960 0.000733 0.000812 0.000983 0.000877 
298 0 0.000912 0.000961 0.000733 0.000812 0.000984 0.000878 
