299 2 5 
0 1 0.000025 0.000013 0.000014 0.000254 0.000037 
1 1 0.000025 0.000013 0.000014 0.000254 0.000037 
2 0 0.000025 0.000013 0.000014 0.000254 0.000037 
3 0 0.000025 0.000013 0.000014 0.000254 0.000037 
4 1 0.000025 0.000013 0.000014 0.000254 0.000037 
5 0 0.000025 0.000013 0.000014 0.000254 0.000037 
6 1 0.000025 0.000013 0.000014 0.000254 0.000037 
7 0 0.000025 0.000013 0.000014 0.000254 0.000037 
8 0 0.000025 0.000013 0.000014 0.000254 0.000037 
9 0 0.000025 0.000013 0.000014 0.000254 0.000037 
10 0 0.000025 0.000013 0.000014 0.000254 0.000037 
11 0 0.000025 0.000013 0.000014 0.000254 0.000037 
12 0 0.000025 0.000013 0.000014 0.000254 0.000037 
13 0 0.000025 0.000013 0.000014 0.000254 0.000037 
14 0 0.000025 0.000013 0.000014 0.000254 0.000037 
15 0 0.000025 0.000013 0.000014 0.000254 0.000037 
16 1 0.000025 0.000013 0.000014 0.000254 0.000037 
17 1 0.000025 0.000013 0.000014 0.000254 0.000037 
18 0 0.000025 0.000013 0.000014 0.000254 0.000037 
19 0 0.000025 0.000013 0.000014 0.000254 0.000037 
20 0 0.000025 0.000013 0.000014 0.000254 0.000037 
21 0 0.000025 0.000013 0.000014 0.000254 0.000037 
22 1 0.000025 0.000013 0.000014 0.000254 0.000037 
23 1 0.000025 0.000013 0.000014 0.000254 0.000037 
24 1 0.000025 0.000013 0.000014 0.000254 0.000037 
25 0 0.000025 0.000013 0.000014 0.000254 0.000037 
26 0 0.000025 0.000013 0.000014 0.000254 0.000037 
27 0 0.000025 0.000013 0.000014 0.000254 0.000037 
28 1 0.000025 0.000013 0.000014 0.000254 0.000037 
29 0 0.000025 0.000013 0.000014 0.000254 0.000037 
30 0 0.000025 0.000013 0.000014 0.000254 0.000037 
31 0 0.000025 0.000013 0.000014 0.000254 0.000037 
32 0 0.000025 0.000013 0.000014 0.000254 0.000037 
33 0 0.000025 0.000013 0.000014 0.000254 0.000037 
34 0 0.000025 0.000013 0.000014 0.000254 0.000037 
35 1 0.000025 0.000013 0.000014 0.000254 0.000037 
36 0 0.000025 0.000013 0.000014 0.000254 0.000037 
37 1 0.000025 0.000013 0.000014 0.000254 0.000037 
38 1 0.000025 0.000013 0.000014 0.000254 0.000037 
39 1 0.000025 0.000013 0.000014 0.000254 0.000037 
40 0 0.000025 0.000013 0.000014 0.000254 0.000037 
41 0 0.000025 0.000013 0.000014 0.000254 0.000037 
42 0 0.000025 0.000013 0.000014 0.000254 0.000037 
43 1 0.000025 0.000013 0.000014 0.000254 0.000037 
44 0 0.000025 0.000013 0.000014 0.000254 0.000037 
45 0 0.000025 0.000013 0.000014 0.000254 0.000037 
46 0 0.000025 0.000013 0.000014 0.000254 0.000037 
47 0 0.000025 0.000013 0.000014 0.000254 0.000037 
48 0 0.000025 0.000013 0.000014 0.000254 0.000037 
49 0 0.000025 0.000013 0.000014 0.000254 0.000037 
50 0 0.000025 0.000013 0.000014 0.000254 0.000037 
51 1 0.000025 0.000013 0.000014 0.000254 0.000037 
52 0 0.000025 0.000013 0.000014 0.000254 0.000037 
53 1 0.000025 0.000013 0.000014 0.000254 0.000037 
54 0 0.000025 0.000013 0.000014 0.000254 0.000037 
55 0 0.000025 0.000013 0.000014 0.000254 0.000037 
56 1 0.000025 0.000013 0.000014 0.000254 0.000037 
57 0 0.000025 0.000013 0.000014 0.000254 0.000037 
58 1 0.000025 0.000013 0.000014 0.000254 0.000037 
59 0 0.000025 0.000013 0.000014 0.000254 0.000037 
60 0 0.000025 0.000013 0.000014 0.000254 0.000037 
61 0 0.000025 0.000013 0.000014 0.000254 0.000037 
62 1 0.000025 0.000013 0.000014 0.000254 0.000037 
63 1 0.000025 0.000013 0.000014 0.000254 0.000037 
64 0 0.000025 0.000013 0.000014 0.000254 0.000037 
65 0 0.000025 0.000013 0.000014 0.000254 0.000037 
66 0 0.000025 0.000013 0.000014 0.000254 0.000037 
67 0 0.000025 0.000013 0.000014 0.000254 0.000037 
68 0 0.000025 0.000013 0.000014 0.000254 0.000037 
69 0 0.000025 0.000013 0.000014 0.000254 0.000037 
70 1 0.000025 0.000013 0.000014 0.000254 0.000037 
71 0 0.000025 0.000013 0.000014 0.000254 0.000037 
72 0 0.000025 0.000013 0.000014 0.000254 0.000037 
73 1 0.000025 0.000013 0.000014 0.000254 0.000037 
74 0 0.000025 0.000013 0.000014 0.000254 0.000037 
75 0 0.000025 0.000013 0.000014 0.000254 0.000037 
76 0 0.000025 0.000013 0.000014 0.000254 0.000037 
77 0 0.000025 0.000013 0.000014 0.000254 0.000037 
78 0 0.000025 0.000013 0.000014 0.000254 0.000037 
79 0 0.000025 0.000013 0.000014 0.000254 0.000037 
80 1 0.000025 0.000013 0.000014 0.000254 0.000037 
81 1 0.000025 0.000013 0.000014 0.000254 0.000037 
82 0 0.000025 0.000013 0.000014 0.000254 0.000037 
83 0 0.000025 0.000013 0.000014 0.000254 0.000037 
84 0 0.000025 0.000013 0.000014 0.000254 0.000037 
85 1 0.000025 0.000013 0.000014 0.000254 0.000037 
86 0 0.000025 0.000013 0.000014 0.000254 0.000037 
87 1 0.000025 0.000013 0.000014 0.000254 0.000037 
88 1 0.000025 0.000013 0.000014 0.000254 0.000037 
89 1 0.000025 0.000013 0.000014 0.000254 0.000037 
90 1 0.000025 0.000013 0.000014 0.000254 0.000037 
91 0 0.000025 0.000013 0.000014 0.000254 0.000037 
92 1 0.000025 0.000013 0.000014 0.000254 0.000037 
93 0 0.000025 0.000013 0.000014 0.000254 0.000037 
94 1 0.000025 0.000013 0.000014 0.000254 0.000037 
95 1 0.000025 0.000013 0.000014 0.000254 0.000037 
96 0 0.000025 0.000013 0.000014 0.000254 0.000037 
97 0 0.000025 0.000013 0.000014 0.000254 0.000037 
98 0 0.000025 0.000013 0.000014 0.000254 0.000037 
99 1 0.000025 0.000013 0.000014 0.000254 0.000037 
100 1 0.000025 0.000013 0.000014 0.000254 0.000037 
101 0 0.000025 0.000013 0.000014 0.000254 0.000037 
102 0 0.000025 0.000013 0.000014 0.000254 0.000037 
103 1 0.000025 0.000013 0.000014 0.000254 0.000037 
104 0 0.000025 0.000013 0.000014 0.000254 0.000037 
105 0 0.000025 0.000013 0.000014 0.000254 0.000037 
106 0 0.000025 0.000013 0.000014 0.000254 0.000037 
107 0 0.000025 0.000013 0.000014 0.000254 0.000037 
108 1 0.000025 0.000013 0.000014 0.000254 0.000037 
109 1 0.000025 0.000013 0.000014 0.000254 0.000037 
110 0 0.000025 0.000013 0.000014 0.000254 0.000037 
111 0 0.000025 0.000013 0.000014 0.000254 0.000037 
112 0 0.000025 0.000013 0.000014 0.000254 0.000037 
113 0 0.000025 0.000013 0.000014 0.000254 0.000037 
114 0 0.000025 0.000013 0.000014 0.000254 0.000037 
115 0 0.000025 0.000013 0.000014 0.000254 0.000037 
116 0 0.000025 0.000013 0.000014 0.000254 0.000037 
117 1 0.000025 0.000013 0.000014 0.000254 0.000037 
118 0 0.000025 0.000013 0.000014 0.000254 0.000037 
119 0 0.000025 0.000013 0.000014 0.000254 0.000037 
120 0 0.000025 0.000013 0.000014 0.000254 0.000037 
121 0 0.000025 0.000013 0.000014 0.000254 0.000037 
122 1 0.000025 0.000013 0.000014 0.000254 0.000037 
123 1 0.000025 0.000013 0.000014 0.000254 0.000037 
124 0 0.000025 0.000013 0.000014 0.000254 0.000037 
125 0 0.000025 0.000013 0.000014 0.000254 0.000037 
126 1 0.000025 0.000013 0.000014 0.000254 0.000037 
127 0 0.000025 0.000013 0.000014 0.000254 0.000037 
128 0 0.000025 0.000013 0.000014 0.000254 0.000037 
129 0 0.000025 0.000013 0.000014 0.000254 0.000037 
130 0 0.000025 0.000013 0.000014 0.000254 0.000037 
131 1 0.000025 0.000013 0.000014 0.000254 0.000037 
132 0 0.000025 0.000013 0.000014 0.000254 0.000037 
133 0 0.000025 0.000013 0.000014 0.000254 0.000037 
134 0 0.000025 0.000013 0.000014 0.000254 0.000037 
135 1 0.000025 0.000013 0.000014 0.000254 0.000037 
136 1 0.000025 0.000013 0.000014 0.000254 0.000037 
137 1 0.000025 0.000013 0.000014 0.000254 0.000037 
138 1 0.000025 0.000013 0.000014 0.000254 0.000037 
139 0 0.000025 0.000013 0.000014 0.000254 0.000037 
140 0 0.000025 0.000013 0.000014 0.000254 0.000037 
141 1 0.000025 0.000013 0.000014 0.000254 0.000037 
142 1 0.000025 0.000013 0.000014 0.000254 0.000037 
143 1 0.000025 0.000013 0.000014 0.000254 0.000037 
144 0 0.000025 0.000013 0.000014 0.000254 0.000037 
145 0 0.000025 0.000013 0.000014 0.000254 0.000037 
146 1 0.000025 0.000013 0.000014 0.000254 0.000037 
147 1 0.000025 0.000013 0.000014 0.000254 0.000037 
148 1 0.000025 0.000013 0.000014 0.000254 0.000037 
149 0 0.000025 0.000013 0.000014 0.000254 0.000037 
150 0 0.000025 0.000013 0.000014 0.000254 0.000037 
151 0 0.000025 0.000013 0.000014 0.000254 0.000037 
152 0 0.000025 0.000013 0.000014 0.000254 0.000037 
153 1 0.000025 0.000013 0.000014 0.000254 0.000037 
154 1 0.000025 0.000013 0.000014 0.000254 0.000037 
155 1 0.000025 0.000013 0.000014 0.000254 0.000037 
156 0 0.000025 0.000013 0.000014 0.000254 0.000037 
157 0 0.000025 0.000013 0.000014 0.000254 0.000037 
158 0 0.000025 0.000013 0.000014 0.000254 0.000037 
159 0 0.000025 0.000013 0.000014 0.000254 0.000037 
160 1 0.000025 0.000013 0.000014 0.000254 0.000037 
161 1 0.000025 0.000013 0.000014 0.000254 0.000037 
162 0 0.000025 0.000013 0.000014 0.000254 0.000037 
163 0 0.000025 0.000013 0.000014 0.000254 0.000037 
164 1 0.000025 0.000013 0.000014 0.000254 0.000037 
165 0 0.000025 0.000013 0.000014 0.000254 0.000037 
166 0 0.000025 0.000013 0.000014 0.000254 0.000037 
167 1 0.000025 0.000013 0.000014 0.000254 0.000037 
168 1 0.000025 0.000013 0.000014 0.000254 0.000037 
169 0 0.000025 0.000013 0.000014 0.000254 0.000037 
170 0 0.000025 0.000013 0.000014 0.000254 0.000037 
171 0 0.000025 0.000013 0.000014 0.000254 0.000037 
172 0 0.000025 0.000013 0.000014 0.000254 0.000037 
173 0 0.000025 0.000013 0.000014 0.000254 0.000037 
174 0 0.000025 0.000013 0.000014 0.000254 0.000037 
175 0 0.000025 0.000013 0.000014 0.000254 0.000037 
176 0 0.000025 0.000013 0.000014 0.000254 0.000037 
177 0 0.000025 0.000013 0.000014 0.000254 0.000037 
178 0 0.000025 0.000013 0.000014 0.000254 0.000037 
179 1 0.000025 0.000013 0.000014 0.000254 0.000037 
180 0 0.000025 0.000013 0.000014 0.000254 0.000037 
181 0 0.000025 0.000013 0.000014 0.000254 0.000037 
182 1 0.000025 0.000013 0.000014 0.000254 0.000037 
183 1 0.000025 0.000013 0.000014 0.000254 0.000037 
184 0 0.000025 0.000013 0.000014 0.000254 0.000037 
185 0 0.000025 0.000013 0.000014 0.000254 0.000037 
186 0 0.000025 0.000013 0.000014 0.000254 0.000037 
187 0 0.000025 0.000013 0.000014 0.000254 0.000037 
188 1 0.000025 0.000013 0.000014 0.000254 0.000037 
189 0 0.000025 0.000013 0.000014 0.000254 0.000037 
190 0 0.000025 0.000013 0.000014 0.000254 0.000037 
191 0 0.000025 0.000013 0.000014 0.000254 0.000037 
192 0 0.000025 0.000013 0.000014 0.000254 0.000037 
193 0 0.000025 0.000013 0.000014 0.000254 0.000037 
194 0 0.000025 0.000013 0.000014 0.000254 0.000037 
195 0 0.000025 0.000013 0.000014 0.000254 0.000037 
196 0 0.000025 0.000013 0.000014 0.000254 0.000037 
197 0 0.000025 0.000013 0.000014 0.000254 0.000037 
198 0 0.000025 0.000013 0.000014 0.000254 0.000037 
199 1 0.000025 0.000013 0.000014 0.000254 0.000037 
200 1 0.000025 0.000013 0.000014 0.000254 0.000037 
201 1 0.000025 0.000013 0.000014 0.000254 0.000037 
202 1 0.000025 0.000013 0.000014 0.000254 0.000037 
203 0 0.000025 0.000013 0.000014 0.000254 0.000037 
204 1 0.000025 0.000013 0.000014 0.000254 0.000037 
205 1 0.000025 0.000013 0.000014 0.000254 0.000037 
206 0 0.000025 0.000013 0.000014 0.000254 0.000037 
207 1 0.000025 0.000013 0.000014 0.000254 0.000037 
208 0 0.000025 0.000013 0.000014 0.000254 0.000037 
209 0 0.000025 0.000013 0.000014 0.000254 0.000037 
210 0 0.000025 0.000013 0.000014 0.000254 0.000037 
211 0 0.000025 0.000013 0.000014 0.000254 0.000037 
212 0 0.000025 0.000013 0.000014 0.000254 0.000037 
213 1 0.000025 0.000013 0.000014 0.000254 0.000037 
214 0 0.000025 0.000013 0.000014 0.000254 0.000037 
215 0 0.000025 0.000013 0.000014 0.000254 0.000037 
216 0 0.000025 0.000013 0.000014 0.000254 0.000037 
217 0 0.000025 0.000013 0.000014 0.000254 0.000037 
218 0 0.000025 0.000013 0.000014 0.000254 0.000037 
219 0 0.000025 0.000013 0.000014 0.000254 0.000037 
220 0 0.000025 0.000013 0.000014 0.000254 0.000037 
221 0 0.000025 0.000013 0.000014 0.000254 0.000037 
222 0 0.000025 0.000013 0.000014 0.000254 0.000037 
223 0 0.000025 0.000013 0.000014 0.000254 0.000037 
224 0 0.000025 0.000013 0.000014 0.000254 0.000037 
225 1 0.000025 0.000013 0.000014 0.000254 0.000037 
226 0 0.000025 0.000013 0.000014 0.000254 0.000037 
227 0 0.000025 0.000013 0.000014 0.000254 0.000037 
228 0 0.000025 0.000013 0.000014 0.000254 0.000037 
229 0 0.000025 0.000013 0.000014 0.000254 0.000037 
230 0 0.000025 0.000013 0.000014 0.000254 0.000037 
231 0 0.000025 0.000013 0.000014 0.000254 0.000037 
232 1 0.000025 0.000013 0.000014 0.000254 0.000037 
233 0 0.000025 0.000013 0.000014 0.000254 0.000037 
234 0 0.000025 0.000013 0.000014 0.000254 0.000037 
235 0 0.000025 0.000013 0.000014 0.000254 0.000037 
236 1 0.000025 0.000013 0.000014 0.000254 0.000037 
237 0 0.000025 0.000013 0.000014 0.000254 0.000037 
238 0 0.000025 0.000013 0.000014 0.000254 0.000037 
239 0 0.000025 0.000013 0.000014 0.000254 0.000037 
240 0 0.000025 0.000013 0.000014 0.000254 0.000037 
241 0 0.000025 0.000013 0.000014 0.000254 0.000037 
242 1 0.000025 0.000013 0.000014 0.000254 0.000037 
243 0 0.000025 0.000013 0.000014 0.000254 0.000037 
244 1 0.000025 0.000013 0.000014 0.000254 0.000037 
245 1 0.000025 0.000013 0.000014 0.000254 0.000037 
246 1 0.000025 0.000013 0.000014 0.000254 0.000037 
247 0 0.000025 0.000013 0.000014 0.000254 0.000037 
248 0 0.000025 0.000013 0.000014 0.000254 0.000037 
249 0 0.000025 0.000013 0.000014 0.000254 0.000037 
250 0 0.000025 0.000013 0.000014 0.000254 0.000037 
251 0 0.000025 0.000013 0.000014 0.000254 0.000037 
252 0 0.000025 0.000013 0.000014 0.000254 0.000037 
253 0 0.000025 0.000013 0.000014 0.000254 0.000037 
254 0 0.000025 0.000013 0.000014 0.000254 0.000037 
255 1 0.000025 0.000013 0.000014 0.000254 0.000037 
256 1 0.000025 0.000013 0.000014 0.000254 0.000037 
257 0 0.000025 0.000013 0.000014 0.000254 0.000037 
258 0 0.000025 0.000013 0.000014 0.000254 0.000037 
259 1 0.000025 0.000013 0.000014 0.000254 0.000037 
260 1 0.000025 0.000013 0.000014 0.000254 0.000037 
261 0 0.000025 0.000013 0.000014 0.000254 0.000037 
262 0 0.000025 0.000013 0.000014 0.000254 0.000037 
263 1 0.000025 0.000013 0.000014 0.000254 0.000037 
264 0 0.000025 0.000013 0.000014 0.000254 0.000037 
265 0 0.000025 0.000013 0.000014 0.000254 0.000037 
266 1 0.000025 0.000013 0.000014 0.000254 0.000037 
267 1 0.000025 0.000013 0.000014 0.000254 0.000037 
268 0 0.000025 0.000013 0.000014 0.000254 0.000037 
269 0 0.000025 0.000013 0.000014 0.000254 0.000037 
270 1 0.000025 0.000013 0.000014 0.000254 0.000037 
271 0 0.000025 0.000013 0.000014 0.000254 0.000037 
272 1 0.000025 0.000013 0.000014 0.000254 0.000037 
273 0 0.000025 0.000013 0.000014 0.000254 0.000037 
274 0 0.000025 0.000013 0.000014 0.000254 0.000037 
275 0 0.000025 0.000013 0.000014 0.000254 0.000037 
276 0 0.000025 0.000013 0.000014 0.000254 0.000037 
277 0 0.000025 0.000013 0.000014 0.000254 0.000037 
278 1 0.000025 0.000013 0.000014 0.000254 0.000037 
279 1 0.000025 0.000013 0.000014 0.000254 0.000037 
280 0 0.000025 0.000013 0.000014 0.000254 0.000037 
281 1 0.000025 0.000013 0.000014 0.000254 0.000037 
282 1 0.000025 0.000013 0.000014 0.000254 0.000037 
283 1 0.000025 0.000013 0.000014 0.000254 0.000037 
284 1 0.000025 0.000013 0.000014 0.000254 0.000037 
285 1 0.000025 0.000013 0.000014 0.000254 0.000037 
286 0 0.000025 0.000013 0.000014 0.000254 0.000037 
287 0 0.000025 0.000013 0.000014 0.000254 0.000037 
288 0 0.000025 0.000013 0.000014 0.000254 0.000037 
289 1 0.000025 0.000013 0.000014 0.000254 0.000037 
290 0 0.000025 0.000013 0.000014 0.000254 0.000037 
291 1 0.000025 0.000013 0.000014 0.000254 0.000037 
292 0 0.000025 0.000013 0.000014 0.000254 0.000037 
293 0 0.000025 0.000013 0.000014 0.000254 0.000037 
294 0 0.000025 0.000013 0.000014 0.000254 0.000037 
295 0 0.000025 0.000013 0.000014 0.000254 0.000037 
296 1 0.000025 0.000013 0.000014 0.000254 0.000037 
297 0 0.000025 0.000013 0.000014 0.000254 0.000037 
298 0 0.000025 0.000013 0.000014 0.000254 0.000037 
