299 2 9 
0 1 0.000111 0.000099 0.000096 0.000102 0.000113 0.000102 0.000111 0.000107 0.000110 
1 1 0.000111 0.000099 0.000096 0.000102 0.000113 0.000102 0.000111 0.000107 0.000110 
2 0 0.000111 0.000099 0.000096 0.000102 0.000113 0.000102 0.000111 0.000107 0.000110 
3 0 0.000111 0.000099 0.000096 0.000102 0.000113 0.000102 0.000111 0.000107 0.000110 
4 1 0.000111 0.000099 0.000096 0.000102 0.000113 0.000102 0.000111 0.000107 0.000110 
5 0 0.000111 0.000099 0.000096 0.000102 0.000113 0.000102 0.000111 0.000107 0.000110 
6 1 0.000111 0.000099 0.000096 0.000102 0.000113 0.000102 0.000111 0.000107 0.000110 
7 0 0.000111 0.000099 0.000096 0.000102 0.000113 0.000102 0.000111 0.000107 0.000110 
8 0 0.000111 0.000099 0.000096 0.000102 0.000113 0.000102 0.000111 0.000107 0.000110 
9 0 0.000111 0.000099 0.000096 0.000102 0.000113 0.000102 0.000111 0.000107 0.000110 
10 0 0.000111 0.000099 0.000096 0.000102 0.000113 0.000102 0.000111 0.000107 0.000110 
11 0 0.000111 0.000099 0.000096 0.000102 0.000113 0.000102 0.000111 0.000107 0.000110 
12 0 0.000111 0.000099 0.000096 0.000102 0.000113 0.000102 0.000111 0.000107 0.000110 
13 0 0.000111 0.000099 0.000096 0.000102 0.000113 0.000102 0.000111 0.000107 0.000110 
14 0 0.000111 0.000099 0.000096 0.000102 0.000113 0.000102 0.000111 0.000107 0.000110 
15 0 0.000111 0.000099 0.000096 0.000102 0.000113 0.000102 0.000111 0.000107 0.000110 
16 1 0.000111 0.000099 0.000096 0.000102 0.000113 0.000102 0.000111 0.000107 0.000110 
17 1 0.000111 0.000099 0.000096 0.000102 0.000113 0.000102 0.000111 0.000107 0.000110 
18 0 0.000111 0.000099 0.000096 0.000102 0.000113 0.000102 0.000111 0.000107 0.000110 
19 0 0.000111 0.000099 0.000096 0.000102 0.000113 0.000102 0.000111 0.000107 0.000110 
20 0 0.000111 0.000099 0.000096 0.000102 0.000113 0.000102 0.000111 0.000107 0.000110 
21 0 0.000111 0.000099 0.000096 0.000102 0.000113 0.000102 0.000111 0.000107 0.000110 
22 1 0.000111 0.000099 0.000096 0.000102 0.000113 0.000102 0.000111 0.000107 0.000110 
23 1 0.000111 0.000099 0.000096 0.000102 0.000113 0.000102 0.000111 0.000107 0.000110 
24 1 0.000111 0.000099 0.000096 0.000102 0.000113 0.000102 0.000111 0.000107 0.000110 
25 0 0.000111 0.000099 0.000096 0.000102 0.000113 0.000102 0.000111 0.000107 0.000110 
26 0 0.000111 0.000099 0.000096 0.000102 0.000113 0.000102 0.000111 0.000107 0.000110 
27 0 0.000111 0.000099 0.000096 0.000102 0.000113 0.000102 0.000111 0.000107 0.000110 
28 1 0.000111 0.000099 0.000096 0.000102 0.000113 0.000102 0.000111 0.000107 0.000110 
29 0 0.000111 0.000099 0.000096 0.000102 0.000113 0.000102 0.000111 0.000107 0.000110 
30 0 0.000111 0.000099 0.000096 0.000102 0.000113 0.000102 0.000111 0.000107 0.000110 
31 0 0.000111 0.000099 0.000096 0.000102 0.000113 0.000102 0.000111 0.000107 0.000110 
32 0 0.000111 0.000099 0.000096 0.000102 0.000113 0.000102 0.000111 0.000107 0.000110 
33 0 0.000111 0.000099 0.000096 0.000102 0.000113 0.000102 0.000111 0.000107 0.000110 
34 0 0.000111 0.000099 0.000096 0.000102 0.000113 0.000102 0.000111 0.000107 0.000110 
35 1 0.000111 0.000099 0.000096 0.000102 0.000113 0.000102 0.000111 0.000107 0.000110 
36 0 0.000111 0.000099 0.000096 0.000102 0.000113 0.000102 0.000111 0.000107 0.000110 
37 1 0.000111 0.000099 0.000096 0.000102 0.000113 0.000102 0.000111 0.000107 0.000110 
38 1 0.000111 0.000099 0.000096 0.000102 0.000113 0.000102 0.000111 0.000107 0.000110 
39 1 0.000111 0.000099 0.000096 0.000102 0.000113 0.000102 0.000111 0.000107 0.000110 
40 0 0.000111 0.000099 0.000096 0.000102 0.000113 0.000102 0.000111 0.000107 0.000110 
41 0 0.000111 0.000099 0.000096 0.000102 0.000113 0.000102 0.000111 0.000107 0.000110 
42 0 0.000111 0.000099 0.000096 0.000102 0.000113 0.000102 0.000111 0.000107 0.000110 
43 1 0.000111 0.000099 0.000096 0.000102 0.000113 0.000102 0.000111 0.000107 0.000110 
44 0 0.000111 0.000099 0.000096 0.000102 0.000113 0.000102 0.000111 0.000107 0.000110 
45 0 0.000111 0.000099 0.000096 0.000102 0.000113 0.000102 0.000111 0.000107 0.000110 
46 0 0.000111 0.000099 0.000096 0.000102 0.000113 0.000102 0.000111 0.000107 0.000110 
47 0 0.000111 0.000099 0.000096 0.000102 0.000113 0.000102 0.000111 0.000107 0.000110 
48 0 0.000111 0.000099 0.000096 0.000102 0.000113 0.000102 0.000111 0.000107 0.000110 
49 0 0.000111 0.000099 0.000096 0.000102 0.000113 0.000102 0.000111 0.000107 0.000110 
50 0 0.000111 0.000099 0.000096 0.000102 0.000113 0.000102 0.000111 0.000107 0.000110 
51 1 0.000111 0.000099 0.000096 0.000102 0.000113 0.000102 0.000111 0.000107 0.000110 
52 0 0.000111 0.000099 0.000096 0.000102 0.000113 0.000102 0.000111 0.000107 0.000110 
53 1 0.000111 0.000099 0.000096 0.000102 0.000113 0.000102 0.000111 0.000107 0.000110 
54 0 0.000111 0.000099 0.000096 0.000102 0.000113 0.000102 0.000111 0.000107 0.000110 
55 0 0.000111 0.000099 0.000096 0.000102 0.000113 0.000102 0.000111 0.000107 0.000110 
56 1 0.000111 0.000099 0.000096 0.000102 0.000113 0.000102 0.000111 0.000107 0.000110 
57 0 0.000111 0.000099 0.000096 0.000102 0.000113 0.000102 0.000111 0.000107 0.000110 
58 1 0.000111 0.000099 0.000096 0.000102 0.000113 0.000102 0.000111 0.000107 0.000110 
59 0 0.000111 0.000099 0.000096 0.000102 0.000113 0.000102 0.000111 0.000107 0.000110 
60 0 0.000111 0.000099 0.000096 0.000102 0.000113 0.000102 0.000111 0.000107 0.000110 
61 0 0.000111 0.000099 0.000096 0.000102 0.000113 0.000102 0.000111 0.000107 0.000110 
62 1 0.000111 0.000099 0.000096 0.000102 0.000113 0.000102 0.000111 0.000107 0.000110 
63 1 0.000111 0.000099 0.000096 0.000102 0.000113 0.000102 0.000111 0.000107 0.000110 
64 0 0.000111 0.000099 0.000096 0.000102 0.000113 0.000102 0.000111 0.000107 0.000110 
65 0 0.000111 0.000099 0.000096 0.000102 0.000113 0.000102 0.000111 0.000107 0.000110 
66 0 0.000111 0.000099 0.000096 0.000102 0.000113 0.000102 0.000111 0.000107 0.000110 
67 0 0.000111 0.000099 0.000096 0.000102 0.000113 0.000102 0.000111 0.000107 0.000110 
68 0 0.000111 0.000099 0.000096 0.000102 0.000113 0.000102 0.000111 0.000107 0.000110 
69 0 0.000111 0.000099 0.000096 0.000102 0.000113 0.000102 0.000111 0.000107 0.000110 
70 1 0.000111 0.000099 0.000096 0.000102 0.000113 0.000102 0.000111 0.000107 0.000110 
71 0 0.000111 0.000099 0.000096 0.000102 0.000113 0.000102 0.000111 0.000107 0.000110 
72 0 0.000111 0.000099 0.000096 0.000102 0.000113 0.000102 0.000111 0.000107 0.000110 
73 1 0.000111 0.000099 0.000096 0.000102 0.000113 0.000102 0.000111 0.000107 0.000110 
74 0 0.000111 0.000099 0.000096 0.000102 0.000113 0.000102 0.000111 0.000107 0.000110 
75 0 0.000111 0.000099 0.000096 0.000102 0.000113 0.000102 0.000111 0.000107 0.000110 
76 0 0.000111 0.000099 0.000096 0.000102 0.000113 0.000102 0.000111 0.000107 0.000110 
77 0 0.000111 0.000099 0.000096 0.000102 0.000113 0.000102 0.000111 0.000107 0.000110 
78 0 0.000111 0.000099 0.000096 0.000102 0.000113 0.000102 0.000111 0.000107 0.000110 
79 0 0.000111 0.000099 0.000096 0.000102 0.000113 0.000102 0.000111 0.000107 0.000110 
80 1 0.000111 0.000099 0.000096 0.000102 0.000113 0.000102 0.000111 0.000107 0.000110 
81 1 0.000111 0.000099 0.000096 0.000102 0.000113 0.000102 0.000111 0.000107 0.000110 
82 0 0.000111 0.000099 0.000096 0.000102 0.000113 0.000102 0.000111 0.000107 0.000110 
83 0 0.000111 0.000099 0.000096 0.000102 0.000113 0.000102 0.000111 0.000107 0.000110 
84 0 0.000111 0.000099 0.000096 0.000102 0.000113 0.000102 0.000111 0.000107 0.000110 
85 1 0.000111 0.000099 0.000096 0.000102 0.000113 0.000102 0.000111 0.000107 0.000110 
86 0 0.000111 0.000099 0.000096 0.000102 0.000113 0.000102 0.000111 0.000107 0.000110 
87 1 0.000111 0.000099 0.000096 0.000102 0.000113 0.000102 0.000111 0.000107 0.000110 
88 1 0.000111 0.000099 0.000096 0.000102 0.000113 0.000102 0.000111 0.000107 0.000110 
89 1 0.000111 0.000099 0.000096 0.000102 0.000113 0.000102 0.000111 0.000107 0.000110 
90 1 0.000111 0.000099 0.000096 0.000102 0.000113 0.000102 0.000111 0.000107 0.000110 
91 0 0.000111 0.000099 0.000096 0.000102 0.000113 0.000102 0.000111 0.000107 0.000110 
92 1 0.000111 0.000099 0.000096 0.000102 0.000113 0.000102 0.000111 0.000107 0.000110 
93 0 0.000111 0.000099 0.000096 0.000102 0.000113 0.000102 0.000111 0.000107 0.000110 
94 1 0.000111 0.000099 0.000096 0.000102 0.000113 0.000102 0.000111 0.000107 0.000110 
95 1 0.000111 0.000099 0.000096 0.000102 0.000113 0.000102 0.000111 0.000107 0.000110 
96 0 0.000111 0.000099 0.000096 0.000102 0.000113 0.000102 0.000111 0.000107 0.000110 
97 0 0.000111 0.000099 0.000096 0.000102 0.000113 0.000102 0.000111 0.000107 0.000110 
98 0 0.000111 0.000099 0.000096 0.000102 0.000113 0.000102 0.000111 0.000107 0.000110 
99 1 0.000111 0.000099 0.000096 0.000102 0.000113 0.000102 0.000111 0.000107 0.000110 
100 1 0.000111 0.000099 0.000096 0.000102 0.000113 0.000102 0.000111 0.000107 0.000110 
101 0 0.000111 0.000099 0.000096 0.000102 0.000113 0.000102 0.000111 0.000107 0.000110 
102 0 0.000111 0.000099 0.000096 0.000102 0.000113 0.000102 0.000111 0.000107 0.000110 
103 1 0.000111 0.000099 0.000096 0.000102 0.000113 0.000102 0.000111 0.000107 0.000110 
104 0 0.000111 0.000099 0.000096 0.000102 0.000113 0.000102 0.000111 0.000107 0.000110 
105 0 0.000111 0.000099 0.000096 0.000102 0.000113 0.000102 0.000111 0.000107 0.000110 
106 0 0.000111 0.000099 0.000096 0.000102 0.000113 0.000102 0.000111 0.000107 0.000110 
107 0 0.000111 0.000099 0.000096 0.000102 0.000113 0.000102 0.000111 0.000107 0.000110 
108 1 0.000111 0.000099 0.000096 0.000102 0.000113 0.000102 0.000111 0.000107 0.000110 
109 1 0.000111 0.000099 0.000096 0.000102 0.000113 0.000102 0.000111 0.000107 0.000110 
110 0 0.000111 0.000099 0.000096 0.000102 0.000113 0.000102 0.000111 0.000107 0.000110 
111 0 0.000111 0.000099 0.000096 0.000102 0.000113 0.000102 0.000111 0.000107 0.000110 
112 0 0.000111 0.000099 0.000096 0.000102 0.000113 0.000102 0.000111 0.000107 0.000110 
113 0 0.000111 0.000099 0.000096 0.000102 0.000113 0.000102 0.000111 0.000107 0.000110 
114 0 0.000111 0.000099 0.000096 0.000102 0.000113 0.000102 0.000111 0.000107 0.000110 
115 0 0.000111 0.000099 0.000096 0.000102 0.000113 0.000102 0.000111 0.000107 0.000110 
116 0 0.000111 0.000099 0.000096 0.000102 0.000113 0.000102 0.000111 0.000107 0.000110 
117 1 0.000111 0.000099 0.000096 0.000102 0.000113 0.000102 0.000111 0.000107 0.000110 
118 0 0.000111 0.000099 0.000096 0.000102 0.000113 0.000102 0.000111 0.000107 0.000110 
119 0 0.000111 0.000099 0.000096 0.000102 0.000113 0.000102 0.000111 0.000107 0.000110 
120 0 0.000111 0.000099 0.000096 0.000102 0.000113 0.000102 0.000111 0.000107 0.000110 
121 0 0.000111 0.000099 0.000096 0.000102 0.000113 0.000102 0.000111 0.000107 0.000110 
122 1 0.000111 0.000099 0.000096 0.000102 0.000113 0.000102 0.000111 0.000107 0.000110 
123 1 0.000111 0.000099 0.000096 0.000102 0.000113 0.000102 0.000111 0.000107 0.000110 
124 0 0.000111 0.000099 0.000096 0.000102 0.000113 0.000102 0.000111 0.000107 0.000110 
125 0 0.000111 0.000099 0.000096 0.000102 0.000113 0.000102 0.000111 0.000107 0.000110 
126 1 0.000111 0.000099 0.000096 0.000102 0.000113 0.000102 0.000111 0.000107 0.000110 
127 0 0.000111 0.000099 0.000096 0.000102 0.000113 0.000102 0.000111 0.000107 0.000110 
128 0 0.000111 0.000099 0.000096 0.000102 0.000113 0.000102 0.000111 0.000107 0.000110 
129 0 0.000111 0.000099 0.000096 0.000102 0.000113 0.000102 0.000111 0.000107 0.000110 
130 0 0.000111 0.000099 0.000096 0.000102 0.000113 0.000102 0.000111 0.000107 0.000110 
131 1 0.000111 0.000099 0.000096 0.000102 0.000113 0.000102 0.000111 0.000107 0.000110 
132 0 0.000111 0.000099 0.000096 0.000102 0.000113 0.000102 0.000111 0.000107 0.000110 
133 0 0.000111 0.000099 0.000096 0.000102 0.000113 0.000102 0.000111 0.000107 0.000110 
134 0 0.000111 0.000099 0.000096 0.000102 0.000113 0.000102 0.000111 0.000107 0.000110 
135 1 0.000111 0.000099 0.000096 0.000102 0.000113 0.000102 0.000111 0.000107 0.000110 
136 1 0.000111 0.000099 0.000096 0.000102 0.000113 0.000102 0.000111 0.000107 0.000110 
137 1 0.000111 0.000099 0.000096 0.000102 0.000113 0.000102 0.000111 0.000107 0.000110 
138 1 0.000111 0.000099 0.000096 0.000102 0.000113 0.000102 0.000111 0.000107 0.000110 
139 0 0.000111 0.000099 0.000096 0.000102 0.000113 0.000102 0.000111 0.000107 0.000110 
140 0 0.000111 0.000099 0.000096 0.000102 0.000113 0.000102 0.000111 0.000107 0.000110 
141 1 0.000111 0.000099 0.000096 0.000102 0.000113 0.000102 0.000111 0.000107 0.000110 
142 1 0.000111 0.000099 0.000096 0.000102 0.000113 0.000102 0.000111 0.000107 0.000110 
143 1 0.000111 0.000099 0.000096 0.000102 0.000113 0.000102 0.000111 0.000107 0.000110 
144 0 0.000111 0.000099 0.000096 0.000102 0.000113 0.000102 0.000111 0.000107 0.000110 
145 0 0.000111 0.000099 0.000096 0.000102 0.000113 0.000102 0.000111 0.000107 0.000110 
146 1 0.000111 0.000099 0.000096 0.000102 0.000113 0.000102 0.000111 0.000107 0.000110 
147 1 0.000111 0.000099 0.000096 0.000102 0.000113 0.000102 0.000111 0.000107 0.000110 
148 1 0.000111 0.000099 0.000096 0.000102 0.000113 0.000102 0.000111 0.000107 0.000110 
149 0 0.000111 0.000099 0.000096 0.000102 0.000113 0.000102 0.000111 0.000107 0.000110 
150 0 0.000111 0.000099 0.000096 0.000102 0.000113 0.000102 0.000111 0.000107 0.000110 
151 0 0.000111 0.000099 0.000096 0.000102 0.000113 0.000102 0.000111 0.000107 0.000110 
152 0 0.000111 0.000099 0.000096 0.000102 0.000113 0.000102 0.000111 0.000107 0.000110 
153 1 0.000111 0.000099 0.000096 0.000102 0.000113 0.000102 0.000111 0.000107 0.000110 
154 1 0.000111 0.000099 0.000096 0.000102 0.000113 0.000102 0.000111 0.000107 0.000110 
155 1 0.000111 0.000099 0.000096 0.000102 0.000113 0.000102 0.000111 0.000107 0.000110 
156 0 0.000111 0.000099 0.000096 0.000102 0.000113 0.000102 0.000111 0.000107 0.000110 
157 0 0.000111 0.000099 0.000096 0.000102 0.000113 0.000102 0.000111 0.000107 0.000110 
158 0 0.000111 0.000099 0.000096 0.000102 0.000113 0.000102 0.000111 0.000107 0.000110 
159 0 0.000111 0.000099 0.000096 0.000102 0.000113 0.000102 0.000111 0.000107 0.000110 
160 1 0.000111 0.000099 0.000096 0.000102 0.000113 0.000102 0.000111 0.000107 0.000110 
161 1 0.000111 0.000099 0.000096 0.000102 0.000113 0.000102 0.000111 0.000107 0.000110 
162 0 0.000111 0.000099 0.000096 0.000102 0.000113 0.000102 0.000111 0.000107 0.000110 
163 0 0.000111 0.000099 0.000096 0.000102 0.000113 0.000102 0.000111 0.000107 0.000110 
164 1 0.000111 0.000099 0.000096 0.000102 0.000113 0.000102 0.000111 0.000107 0.000110 
165 0 0.000111 0.000099 0.000096 0.000102 0.000113 0.000102 0.000111 0.000107 0.000110 
166 0 0.000111 0.000099 0.000096 0.000102 0.000113 0.000102 0.000111 0.000107 0.000110 
167 1 0.000111 0.000099 0.000096 0.000102 0.000113 0.000102 0.000111 0.000107 0.000110 
168 1 0.000111 0.000099 0.000096 0.000102 0.000113 0.000102 0.000111 0.000107 0.000110 
169 0 0.000111 0.000099 0.000096 0.000102 0.000113 0.000102 0.000111 0.000107 0.000110 
170 0 0.000111 0.000099 0.000096 0.000102 0.000113 0.000102 0.000111 0.000107 0.000110 
171 0 0.000111 0.000099 0.000096 0.000102 0.000113 0.000102 0.000111 0.000107 0.000110 
172 0 0.000111 0.000099 0.000096 0.000102 0.000113 0.000102 0.000111 0.000107 0.000110 
173 0 0.000111 0.000099 0.000096 0.000102 0.000113 0.000102 0.000111 0.000107 0.000110 
174 0 0.000111 0.000099 0.000096 0.000102 0.000113 0.000102 0.000111 0.000107 0.000110 
175 0 0.000111 0.000099 0.000096 0.000102 0.000113 0.000102 0.000111 0.000107 0.000110 
176 0 0.000111 0.000099 0.000096 0.000102 0.000113 0.000102 0.000111 0.000107 0.000110 
177 0 0.000111 0.000099 0.000096 0.000102 0.000113 0.000102 0.000111 0.000107 0.000110 
178 0 0.000111 0.000099 0.000096 0.000102 0.000113 0.000102 0.000111 0.000107 0.000110 
179 1 0.000111 0.000099 0.000096 0.000102 0.000113 0.000102 0.000111 0.000107 0.000110 
180 0 0.000111 0.000099 0.000096 0.000102 0.000113 0.000102 0.000111 0.000107 0.000110 
181 0 0.000111 0.000099 0.000096 0.000102 0.000113 0.000102 0.000111 0.000107 0.000110 
182 1 0.000111 0.000099 0.000096 0.000102 0.000113 0.000102 0.000111 0.000107 0.000110 
183 1 0.000111 0.000099 0.000096 0.000102 0.000113 0.000102 0.000111 0.000107 0.000110 
184 0 0.000111 0.000099 0.000096 0.000102 0.000113 0.000102 0.000111 0.000107 0.000110 
185 0 0.000111 0.000099 0.000096 0.000102 0.000113 0.000102 0.000111 0.000107 0.000110 
186 0 0.000111 0.000099 0.000096 0.000102 0.000113 0.000102 0.000111 0.000107 0.000110 
187 0 0.000111 0.000099 0.000096 0.000102 0.000113 0.000102 0.000111 0.000107 0.000110 
188 1 0.000111 0.000099 0.000096 0.000102 0.000113 0.000102 0.000111 0.000107 0.000110 
189 0 0.000111 0.000099 0.000096 0.000102 0.000113 0.000102 0.000111 0.000107 0.000110 
190 0 0.000111 0.000099 0.000096 0.000102 0.000113 0.000102 0.000111 0.000107 0.000110 
191 0 0.000111 0.000099 0.000096 0.000102 0.000113 0.000102 0.000111 0.000107 0.000110 
192 0 0.000111 0.000099 0.000096 0.000102 0.000113 0.000102 0.000111 0.000107 0.000110 
193 0 0.000111 0.000099 0.000096 0.000102 0.000113 0.000102 0.000111 0.000107 0.000110 
194 0 0.000111 0.000099 0.000096 0.000102 0.000113 0.000102 0.000111 0.000107 0.000110 
195 0 0.000111 0.000099 0.000096 0.000102 0.000113 0.000102 0.000111 0.000107 0.000110 
196 0 0.000111 0.000099 0.000096 0.000102 0.000113 0.000102 0.000111 0.000107 0.000110 
197 0 0.000111 0.000099 0.000096 0.000102 0.000113 0.000102 0.000111 0.000107 0.000110 
198 0 0.000111 0.000099 0.000096 0.000102 0.000113 0.000102 0.000111 0.000107 0.000110 
199 1 0.000111 0.000099 0.000096 0.000102 0.000113 0.000102 0.000111 0.000107 0.000110 
200 1 0.000111 0.000099 0.000096 0.000102 0.000113 0.000102 0.000111 0.000107 0.000110 
201 1 0.000111 0.000099 0.000096 0.000102 0.000113 0.000102 0.000111 0.000107 0.000110 
202 1 0.000111 0.000099 0.000096 0.000102 0.000113 0.000102 0.000111 0.000107 0.000110 
203 0 0.000111 0.000099 0.000096 0.000102 0.000113 0.000102 0.000111 0.000107 0.000110 
204 1 0.000111 0.000099 0.000096 0.000102 0.000113 0.000102 0.000111 0.000107 0.000110 
205 1 0.000111 0.000099 0.000096 0.000102 0.000113 0.000102 0.000111 0.000107 0.000110 
206 0 0.000111 0.000099 0.000096 0.000102 0.000113 0.000102 0.000111 0.000107 0.000110 
207 1 0.000111 0.000099 0.000096 0.000102 0.000113 0.000102 0.000111 0.000107 0.000110 
208 0 0.000111 0.000099 0.000096 0.000102 0.000113 0.000102 0.000111 0.000107 0.000110 
209 0 0.000111 0.000099 0.000096 0.000102 0.000113 0.000102 0.000111 0.000107 0.000110 
210 0 0.000111 0.000099 0.000096 0.000102 0.000113 0.000102 0.000111 0.000107 0.000110 
211 0 0.000111 0.000099 0.000096 0.000102 0.000113 0.000102 0.000111 0.000107 0.000110 
212 0 0.000111 0.000099 0.000096 0.000102 0.000113 0.000102 0.000111 0.000107 0.000110 
213 1 0.000111 0.000099 0.000096 0.000102 0.000113 0.000102 0.000111 0.000107 0.000110 
214 0 0.000111 0.000099 0.000096 0.000102 0.000113 0.000102 0.000111 0.000107 0.000110 
215 0 0.000111 0.000099 0.000096 0.000102 0.000113 0.000102 0.000111 0.000107 0.000110 
216 0 0.000111 0.000099 0.000096 0.000102 0.000113 0.000102 0.000111 0.000107 0.000110 
217 0 0.000111 0.000099 0.000096 0.000102 0.000113 0.000102 0.000111 0.000107 0.000110 
218 0 0.000111 0.000099 0.000096 0.000102 0.000113 0.000102 0.000111 0.000107 0.000110 
219 0 0.000111 0.000099 0.000096 0.000102 0.000113 0.000102 0.000111 0.000107 0.000110 
220 0 0.000111 0.000099 0.000096 0.000102 0.000113 0.000102 0.000111 0.000107 0.000110 
221 0 0.000111 0.000099 0.000096 0.000102 0.000113 0.000102 0.000111 0.000107 0.000110 
222 0 0.000111 0.000099 0.000096 0.000102 0.000113 0.000102 0.000111 0.000107 0.000110 
223 0 0.000111 0.000099 0.000096 0.000102 0.000113 0.000102 0.000111 0.000107 0.000110 
224 0 0.000111 0.000099 0.000096 0.000102 0.000113 0.000102 0.000111 0.000107 0.000110 
225 1 0.000111 0.000099 0.000096 0.000102 0.000113 0.000102 0.000111 0.000107 0.000110 
226 0 0.000111 0.000099 0.000096 0.000102 0.000113 0.000102 0.000111 0.000107 0.000110 
227 0 0.000111 0.000099 0.000096 0.000102 0.000113 0.000102 0.000111 0.000107 0.000110 
228 0 0.000111 0.000099 0.000096 0.000102 0.000113 0.000102 0.000111 0.000107 0.000110 
229 0 0.000111 0.000099 0.000096 0.000102 0.000113 0.000102 0.000111 0.000107 0.000110 
230 0 0.000111 0.000099 0.000096 0.000102 0.000113 0.000102 0.000111 0.000107 0.000110 
231 0 0.000111 0.000099 0.000096 0.000102 0.000113 0.000102 0.000111 0.000107 0.000110 
232 1 0.000111 0.000099 0.000096 0.000102 0.000113 0.000102 0.000111 0.000107 0.000110 
233 0 0.000111 0.000099 0.000096 0.000102 0.000113 0.000102 0.000111 0.000107 0.000110 
234 0 0.000111 0.000099 0.000096 0.000102 0.000113 0.000102 0.000111 0.000107 0.000110 
235 0 0.000111 0.000099 0.000096 0.000102 0.000113 0.000102 0.000111 0.000107 0.000110 
236 1 0.000111 0.000099 0.000096 0.000102 0.000113 0.000102 0.000111 0.000107 0.000110 
237 0 0.000111 0.000099 0.000096 0.000102 0.000113 0.000102 0.000111 0.000107 0.000110 
238 0 0.000111 0.000099 0.000096 0.000102 0.000113 0.000102 0.000111 0.000107 0.000110 
239 0 0.000111 0.000099 0.000096 0.000102 0.000113 0.000102 0.000111 0.000107 0.000110 
240 0 0.000111 0.000099 0.000096 0.000102 0.000113 0.000102 0.000111 0.000107 0.000110 
241 0 0.000111 0.000099 0.000096 0.000102 0.000113 0.000102 0.000111 0.000107 0.000110 
242 1 0.000111 0.000099 0.000096 0.000102 0.000113 0.000102 0.000111 0.000107 0.000110 
243 0 0.000111 0.000099 0.000096 0.000102 0.000113 0.000102 0.000111 0.000107 0.000110 
244 1 0.000111 0.000099 0.000096 0.000102 0.000113 0.000102 0.000111 0.000107 0.000110 
245 1 0.000111 0.000099 0.000096 0.000102 0.000113 0.000102 0.000111 0.000107 0.000110 
246 1 0.000111 0.000099 0.000096 0.000102 0.000113 0.000102 0.000111 0.000107 0.000110 
247 0 0.000111 0.000099 0.000096 0.000102 0.000113 0.000102 0.000111 0.000107 0.000110 
248 0 0.000111 0.000099 0.000096 0.000102 0.000113 0.000102 0.000111 0.000107 0.000110 
249 0 0.000111 0.000099 0.000096 0.000102 0.000113 0.000102 0.000111 0.000107 0.000110 
250 0 0.000111 0.000099 0.000096 0.000102 0.000113 0.000102 0.000111 0.000107 0.000110 
251 0 0.000111 0.000099 0.000096 0.000102 0.000113 0.000102 0.000111 0.000107 0.000110 
252 0 0.000111 0.000099 0.000096 0.000102 0.000113 0.000102 0.000111 0.000107 0.000110 
253 0 0.000111 0.000099 0.000096 0.000102 0.000113 0.000102 0.000111 0.000107 0.000110 
254 0 0.000111 0.000099 0.000096 0.000102 0.000113 0.000102 0.000111 0.000107 0.000110 
255 1 0.000111 0.000099 0.000096 0.000102 0.000113 0.000102 0.000111 0.000107 0.000110 
256 1 0.000111 0.000099 0.000096 0.000102 0.000113 0.000102 0.000111 0.000107 0.000110 
257 0 0.000111 0.000099 0.000096 0.000102 0.000113 0.000102 0.000111 0.000107 0.000110 
258 0 0.000111 0.000099 0.000096 0.000102 0.000113 0.000102 0.000111 0.000107 0.000110 
259 1 0.000111 0.000099 0.000096 0.000102 0.000113 0.000102 0.000111 0.000107 0.000110 
260 1 0.000111 0.000099 0.000096 0.000102 0.000113 0.000102 0.000111 0.000107 0.000110 
261 0 0.000111 0.000099 0.000096 0.000102 0.000113 0.000102 0.000111 0.000107 0.000110 
262 0 0.000111 0.000099 0.000096 0.000102 0.000113 0.000102 0.000111 0.000107 0.000110 
263 1 0.000111 0.000099 0.000096 0.000102 0.000113 0.000102 0.000111 0.000107 0.000110 
264 0 0.000111 0.000099 0.000096 0.000102 0.000113 0.000102 0.000111 0.000107 0.000110 
265 0 0.000111 0.000099 0.000096 0.000102 0.000113 0.000102 0.000111 0.000107 0.000110 
266 1 0.000111 0.000099 0.000096 0.000102 0.000113 0.000102 0.000111 0.000107 0.000110 
267 1 0.000111 0.000099 0.000096 0.000102 0.000113 0.000102 0.000111 0.000107 0.000110 
268 0 0.000111 0.000099 0.000096 0.000102 0.000113 0.000102 0.000111 0.000107 0.000110 
269 0 0.000111 0.000099 0.000096 0.000102 0.000113 0.000102 0.000111 0.000107 0.000110 
270 1 0.000111 0.000099 0.000096 0.000102 0.000113 0.000102 0.000111 0.000107 0.000110 
271 0 0.000111 0.000099 0.000096 0.000102 0.000113 0.000102 0.000111 0.000107 0.000110 
272 1 0.000111 0.000099 0.000096 0.000102 0.000113 0.000102 0.000111 0.000107 0.000110 
273 0 0.000111 0.000099 0.000096 0.000102 0.000113 0.000102 0.000111 0.000107 0.000110 
274 0 0.000111 0.000099 0.000096 0.000102 0.000113 0.000102 0.000111 0.000107 0.000110 
275 0 0.000111 0.000099 0.000096 0.000102 0.000113 0.000102 0.000111 0.000107 0.000110 
276 0 0.000111 0.000099 0.000096 0.000102 0.000113 0.000102 0.000111 0.000107 0.000110 
277 0 0.000111 0.000099 0.000096 0.000102 0.000113 0.000102 0.000111 0.000107 0.000110 
278 1 0.000111 0.000099 0.000096 0.000102 0.000113 0.000102 0.000111 0.000107 0.000110 
279 1 0.000111 0.000099 0.000096 0.000102 0.000113 0.000102 0.000111 0.000107 0.000110 
280 0 0.000111 0.000099 0.000096 0.000102 0.000113 0.000102 0.000111 0.000107 0.000110 
281 1 0.000111 0.000099 0.000096 0.000102 0.000113 0.000102 0.000111 0.000107 0.000110 
282 1 0.000111 0.000099 0.000096 0.000102 0.000113 0.000102 0.000111 0.000107 0.000110 
283 1 0.000111 0.000099 0.000096 0.000102 0.000113 0.000102 0.000111 0.000107 0.000110 
284 1 0.000111 0.000099 0.000096 0.000102 0.000113 0.000102 0.000111 0.000107 0.000110 
285 1 0.000111 0.000099 0.000096 0.000102 0.000113 0.000102 0.000111 0.000107 0.000110 
286 0 0.000111 0.000099 0.000096 0.000102 0.000113 0.000102 0.000111 0.000107 0.000110 
287 0 0.000111 0.000099 0.000096 0.000102 0.000113 0.000102 0.000111 0.000107 0.000110 
288 0 0.000111 0.000099 0.000096 0.000102 0.000113 0.000102 0.000111 0.000107 0.000110 
289 1 0.000111 0.000099 0.000096 0.000102 0.000113 0.000102 0.000111 0.000107 0.000110 
290 0 0.000111 0.000099 0.000096 0.000102 0.000113 0.000102 0.000111 0.000107 0.000110 
291 1 0.000111 0.000099 0.000096 0.000102 0.000113 0.000102 0.000111 0.000107 0.000110 
292 0 0.000111 0.000099 0.000096 0.000102 0.000113 0.000102 0.000111 0.000107 0.000110 
293 0 0.000111 0.000099 0.000096 0.000102 0.000113 0.000102 0.000111 0.000107 0.000110 
294 0 0.000111 0.000099 0.000096 0.000102 0.000113 0.000102 0.000111 0.000107 0.000110 
295 0 0.000111 0.000099 0.000096 0.000102 0.000113 0.000102 0.000111 0.000107 0.000110 
296 1 0.000111 0.000099 0.000096 0.000102 0.000113 0.000102 0.000111 0.000107 0.000110 
297 0 0.000111 0.000099 0.000096 0.000102 0.000113 0.000102 0.000111 0.000107 0.000110 
298 0 0.000111 0.000099 0.000096 0.000102 0.000113 0.000102 0.000111 0.000107 0.000110 
