299 2 6 
0 0 0.001105 0.001101 0.001108 0.001088 0.001087 0.001109 
1 0 0.001105 0.001101 0.001108 0.001088 0.001087 0.001109 
2 0 0.001104 0.001100 0.001107 0.001087 0.001086 0.001108 
3 0 0.001105 0.001101 0.001109 0.001088 0.001087 0.001109 
4 1 0.001105 0.001101 0.001109 0.001088 0.001087 0.001109 
5 0 0.001103 0.001099 0.001107 0.001086 0.001085 0.001107 
6 0 0.001105 0.001100 0.001108 0.001088 0.001087 0.001109 
7 0 0.001102 0.001098 0.001105 0.001085 0.001084 0.001106 
8 1 0.001103 0.001099 0.001107 0.001086 0.001085 0.001107 
9 0 0.001104 0.001100 0.001107 0.001087 0.001086 0.001108 
10 1 0.001103 0.001099 0.001107 0.001086 0.001085 0.001107 
11 1 0.001104 0.001100 0.001108 0.001087 0.001086 0.001108 
12 0 0.001104 0.001100 0.001107 0.001087 0.001086 0.001108 
13 1 0.001103 0.001099 0.001107 0.001086 0.001085 0.001107 
14 1 0.001104 0.001100 0.001108 0.001087 0.001086 0.001108 
15 0 0.001104 0.001100 0.001108 0.001087 0.001086 0.001108 
16 0 0.001104 0.001100 0.001107 0.001087 0.001086 0.001108 
17 0 0.001105 0.001101 0.001109 0.001088 0.001087 0.001109 
18 0 0.001105 0.001100 0.001108 0.001088 0.001087 0.001109 
19 0 0.001105 0.001101 0.001108 0.001088 0.001087 0.001109 
20 0 0.001105 0.001100 0.001108 0.001088 0.001087 0.001109 
21 0 0.001105 0.001101 0.001108 0.001088 0.001087 0.001109 
22 0 0.001104 0.001100 0.001108 0.001087 0.001086 0.001108 
23 1 0.001103 0.001099 0.001107 0.001086 0.001085 0.001107 
24 1 0.001104 0.001100 0.001107 0.001087 0.001086 0.001108 
25 1 0.001105 0.001101 0.001108 0.001088 0.001087 0.001109 
26 0 0.001104 0.001100 0.001108 0.001087 0.001086 0.001108 
27 1 0.001103 0.001099 0.001107 0.001086 0.001085 0.001107 
28 0 0.001105 0.001100 0.001108 0.001088 0.001087 0.001109 
29 0 0.001105 0.001100 0.001108 0.001088 0.001087 0.001109 
30 0 0.001105 0.001100 0.001108 0.001088 0.001087 0.001109 
31 0 0.001105 0.001101 0.001109 0.001088 0.001088 0.001110 
32 0 0.001104 0.001100 0.001107 0.001087 0.001086 0.001108 
33 0 0.001105 0.001100 0.001108 0.001088 0.001087 0.001109 
34 0 0.001105 0.001100 0.001108 0.001088 0.001087 0.001109 
35 0 0.001104 0.001100 0.001108 0.001087 0.001086 0.001108 
36 0 0.001105 0.001100 0.001108 0.001088 0.001087 0.001109 
37 1 0.001104 0.001100 0.001108 0.001087 0.001086 0.001108 
38 0 0.001104 0.001100 0.001107 0.001087 0.001086 0.001108 
39 0 0.001104 0.001100 0.001108 0.001087 0.001086 0.001108 
40 1 0.001104 0.001100 0.001108 0.001087 0.001086 0.001108 
41 0 0.001104 0.001100 0.001108 0.001087 0.001086 0.001108 
42 0 0.001104 0.001100 0.001107 0.001087 0.001086 0.001108 
43 0 0.001103 0.001099 0.001107 0.001086 0.001085 0.001107 
44 0 0.001105 0.001101 0.001109 0.001088 0.001087 0.001109 
45 0 0.001105 0.001101 0.001109 0.001088 0.001087 0.001109 
46 0 0.001105 0.001101 0.001109 0.001088 0.001087 0.001109 
47 1 0.001104 0.001100 0.001107 0.001087 0.001086 0.001108 
48 0 0.001103 0.001099 0.001106 0.001086 0.001085 0.001107 
49 0 0.001105 0.001100 0.001108 0.001088 0.001087 0.001109 
50 0 0.001105 0.001101 0.001108 0.001088 0.001087 0.001109 
51 1 0.001105 0.001101 0.001108 0.001088 0.001087 0.001109 
52 1 0.001105 0.001101 0.001108 0.001088 0.001087 0.001109 
53 0 0.001105 0.001100 0.001108 0.001088 0.001087 0.001109 
54 0 0.001104 0.001100 0.001108 0.001087 0.001086 0.001108 
55 0 0.001105 0.001101 0.001108 0.001088 0.001087 0.001109 
56 0 0.001104 0.001100 0.001107 0.001087 0.001086 0.001108 
57 1 0.001105 0.001101 0.001109 0.001088 0.001087 0.001109 
58 0 0.001105 0.001100 0.001108 0.001088 0.001087 0.001109 
59 0 0.001104 0.001100 0.001107 0.001087 0.001086 0.001108 
60 1 0.001102 0.001098 0.001105 0.001085 0.001084 0.001106 
61 0 0.001104 0.001100 0.001108 0.001087 0.001086 0.001108 
62 0 0.001105 0.001101 0.001108 0.001088 0.001087 0.001109 
63 0 0.001105 0.001101 0.001108 0.001088 0.001087 0.001109 
64 0 0.001104 0.001100 0.001108 0.001087 0.001086 0.001108 
65 0 0.001105 0.001100 0.001108 0.001088 0.001087 0.001109 
66 0 0.001102 0.001098 0.001105 0.001085 0.001084 0.001106 
67 0 0.001104 0.001100 0.001108 0.001087 0.001086 0.001108 
68 1 0.001104 0.001100 0.001107 0.001087 0.001086 0.001108 
69 0 0.001104 0.001100 0.001107 0.001087 0.001086 0.001108 
70 0 0.001104 0.001100 0.001107 0.001087 0.001086 0.001108 
71 0 0.001104 0.001100 0.001107 0.001087 0.001086 0.001108 
72 0 0.001104 0.001100 0.001108 0.001087 0.001086 0.001108 
73 0 0.001105 0.001100 0.001108 0.001088 0.001087 0.001109 
74 1 0.001105 0.001101 0.001109 0.001088 0.001087 0.001109 
75 0 0.001105 0.001100 0.001108 0.001088 0.001087 0.001109 
76 0 0.001105 0.001101 0.001109 0.001088 0.001087 0.001109 
77 0 0.001104 0.001100 0.001108 0.001087 0.001086 0.001108 
78 0 0.001104 0.001100 0.001107 0.001087 0.001086 0.001108 
79 0 0.001105 0.001101 0.001108 0.001088 0.001087 0.001109 
80 1 0.001105 0.001100 0.001108 0.001088 0.001087 0.001109 
81 0 0.001105 0.001100 0.001108 0.001088 0.001087 0.001109 
82 0 0.001103 0.001099 0.001107 0.001086 0.001085 0.001107 
83 0 0.001104 0.001100 0.001108 0.001087 0.001086 0.001108 
84 0 0.001105 0.001101 0.001108 0.001088 0.001087 0.001109 
85 0 0.001105 0.001101 0.001108 0.001088 0.001087 0.001109 
86 0 0.001105 0.001101 0.001108 0.001088 0.001087 0.001109 
87 0 0.001105 0.001101 0.001108 0.001088 0.001087 0.001109 
88 1 0.001105 0.001101 0.001108 0.001088 0.001087 0.001109 
89 0 0.001105 0.001100 0.001108 0.001088 0.001087 0.001109 
90 0 0.001105 0.001101 0.001108 0.001088 0.001087 0.001109 
91 0 0.001104 0.001100 0.001107 0.001087 0.001086 0.001108 
92 1 0.001105 0.001101 0.001109 0.001088 0.001087 0.001109 
93 1 0.001103 0.001099 0.001107 0.001086 0.001085 0.001107 
94 0 0.001103 0.001099 0.001107 0.001086 0.001085 0.001107 
95 0 0.001104 0.001100 0.001107 0.001087 0.001086 0.001108 
96 0 0.001104 0.001100 0.001107 0.001087 0.001086 0.001108 
97 0 0.001104 0.001100 0.001108 0.001087 0.001086 0.001108 
98 0 0.001103 0.001099 0.001107 0.001086 0.001086 0.001107 
99 1 0.001103 0.001099 0.001107 0.001086 0.001085 0.001107 
100 0 0.001104 0.001100 0.001107 0.001087 0.001086 0.001108 
101 0 0.001104 0.001100 0.001107 0.001087 0.001086 0.001108 
102 1 0.001102 0.001098 0.001105 0.001085 0.001084 0.001106 
103 0 0.001103 0.001099 0.001107 0.001086 0.001085 0.001107 
104 0 0.001104 0.001100 0.001107 0.001087 0.001086 0.001108 
105 0 0.001105 0.001100 0.001108 0.001088 0.001087 0.001109 
106 0 0.001105 0.001101 0.001108 0.001088 0.001087 0.001109 
107 0 0.001102 0.001098 0.001105 0.001085 0.001084 0.001106 
108 0 0.001104 0.001100 0.001107 0.001087 0.001086 0.001108 
109 1 0.001103 0.001099 0.001107 0.001086 0.001085 0.001107 
110 0 0.001103 0.001099 0.001107 0.001086 0.001085 0.001107 
111 0 0.001105 0.001100 0.001108 0.001088 0.001087 0.001109 
112 1 0.001105 0.001101 0.001108 0.001088 0.001087 0.001109 
113 1 0.001104 0.001100 0.001108 0.001087 0.001086 0.001108 
114 0 0.001105 0.001100 0.001108 0.001088 0.001087 0.001109 
115 0 0.001105 0.001100 0.001108 0.001088 0.001087 0.001109 
116 1 0.001104 0.001100 0.001108 0.001087 0.001086 0.001108 
117 1 0.001104 0.001100 0.001107 0.001087 0.001086 0.001108 
118 0 0.001105 0.001101 0.001108 0.001088 0.001087 0.001109 
119 1 0.001105 0.001100 0.001108 0.001088 0.001087 0.001109 
120 0 0.001104 0.001100 0.001107 0.001087 0.001086 0.001108 
121 0 0.001105 0.001100 0.001108 0.001088 0.001087 0.001109 
122 0 0.001104 0.001100 0.001107 0.001087 0.001086 0.001108 
123 1 0.001103 0.001099 0.001107 0.001086 0.001085 0.001107 
124 1 0.001102 0.001098 0.001105 0.001085 0.001084 0.001106 
125 1 0.001104 0.001100 0.001108 0.001087 0.001086 0.001108 
126 0 0.001104 0.001100 0.001107 0.001087 0.001086 0.001108 
127 0 0.001104 0.001100 0.001107 0.001087 0.001086 0.001108 
128 0 0.001105 0.001101 0.001109 0.001088 0.001087 0.001109 
129 0 0.001105 0.001101 0.001108 0.001088 0.001087 0.001109 
130 0 0.001104 0.001100 0.001107 0.001087 0.001086 0.001108 
131 0 0.001105 0.001100 0.001108 0.001088 0.001087 0.001109 
132 0 0.001105 0.001101 0.001108 0.001088 0.001087 0.001109 
133 0 0.001105 0.001101 0.001108 0.001088 0.001087 0.001109 
134 1 0.001104 0.001100 0.001107 0.001087 0.001086 0.001108 
135 0 0.001105 0.001101 0.001109 0.001088 0.001087 0.001109 
136 1 0.001105 0.001100 0.001108 0.001088 0.001087 0.001109 
137 0 0.001105 0.001100 0.001108 0.001088 0.001087 0.001109 
138 0 0.001102 0.001098 0.001105 0.001085 0.001084 0.001106 
139 0 0.001104 0.001100 0.001108 0.001087 0.001086 0.001108 
140 0 0.001104 0.001100 0.001107 0.001087 0.001086 0.001108 
141 1 0.001104 0.001100 0.001108 0.001087 0.001086 0.001108 
142 0 0.001104 0.001100 0.001107 0.001087 0.001086 0.001108 
143 0 0.001105 0.001101 0.001109 0.001088 0.001087 0.001109 
144 0 0.001105 0.001100 0.001108 0.001088 0.001087 0.001109 
145 0 0.001105 0.001101 0.001108 0.001088 0.001087 0.001109 
146 1 0.001104 0.001100 0.001108 0.001087 0.001086 0.001108 
147 1 0.001105 0.001101 0.001109 0.001088 0.001087 0.001109 
148 1 0.001103 0.001099 0.001107 0.001086 0.001085 0.001107 
149 0 0.001103 0.001099 0.001106 0.001086 0.001085 0.001107 
150 0 0.001105 0.001100 0.001108 0.001088 0.001087 0.001109 
151 1 0.001105 0.001100 0.001108 0.001088 0.001087 0.001109 
152 0 0.001105 0.001100 0.001108 0.001088 0.001087 0.001109 
153 0 0.001102 0.001098 0.001105 0.001085 0.001084 0.001106 
154 0 0.001105 0.001101 0.001109 0.001088 0.001087 0.001109 
155 1 0.001102 0.001098 0.001105 0.001085 0.001084 0.001106 
156 1 0.001105 0.001100 0.001108 0.001088 0.001087 0.001109 
157 0 0.001104 0.001100 0.001107 0.001087 0.001086 0.001108 
158 0 0.001104 0.001100 0.001108 0.001087 0.001086 0.001108 
159 0 0.001104 0.001100 0.001107 0.001087 0.001086 0.001108 
160 1 0.001103 0.001099 0.001107 0.001086 0.001086 0.001107 
161 0 0.001104 0.001100 0.001107 0.001087 0.001086 0.001108 
162 0 0.001104 0.001100 0.001107 0.001087 0.001086 0.001108 
163 0 0.001105 0.001101 0.001108 0.001088 0.001087 0.001109 
164 0 0.001105 0.001100 0.001108 0.001088 0.001087 0.001109 
165 0 0.001103 0.001099 0.001107 0.001086 0.001086 0.001107 
166 0 0.001103 0.001099 0.001107 0.001086 0.001085 0.001107 
167 0 0.001105 0.001101 0.001108 0.001088 0.001087 0.001109 
168 1 0.001105 0.001100 0.001108 0.001088 0.001087 0.001109 
169 1 0.001104 0.001100 0.001107 0.001087 0.001086 0.001108 
170 0 0.001104 0.001100 0.001107 0.001087 0.001086 0.001108 
171 0 0.001104 0.001100 0.001107 0.001087 0.001086 0.001108 
172 1 0.001103 0.001099 0.001107 0.001086 0.001085 0.001107 
173 0 0.001103 0.001098 0.001106 0.001086 0.001085 0.001107 
174 1 0.001105 0.001100 0.001108 0.001088 0.001087 0.001109 
175 0 0.001105 0.001100 0.001108 0.001088 0.001087 0.001109 
176 1 0.001105 0.001101 0.001109 0.001088 0.001087 0.001109 
177 0 0.001105 0.001101 0.001109 0.001088 0.001088 0.001110 
178 1 0.001103 0.001099 0.001107 0.001086 0.001085 0.001107 
179 0 0.001105 0.001100 0.001108 0.001088 0.001087 0.001109 
180 1 0.001105 0.001100 0.001108 0.001088 0.001087 0.001109 
181 0 0.001104 0.001100 0.001107 0.001087 0.001086 0.001108 
182 0 0.001105 0.001101 0.001108 0.001088 0.001087 0.001109 
183 0 0.001104 0.001100 0.001108 0.001087 0.001086 0.001108 
184 0 0.001105 0.001100 0.001108 0.001088 0.001087 0.001109 
185 0 0.001104 0.001100 0.001108 0.001087 0.001086 0.001108 
186 0 0.001104 0.001100 0.001107 0.001087 0.001086 0.001108 
187 0 0.001104 0.001100 0.001107 0.001087 0.001086 0.001108 
188 0 0.001105 0.001101 0.001108 0.001088 0.001087 0.001109 
189 0 0.001104 0.001100 0.001107 0.001087 0.001086 0.001108 
190 1 0.001105 0.001101 0.001109 0.001088 0.001087 0.001109 
191 1 0.001105 0.001100 0.001108 0.001088 0.001087 0.001109 
192 1 0.001104 0.001100 0.001107 0.001087 0.001086 0.001108 
193 1 0.001105 0.001101 0.001108 0.001088 0.001087 0.001109 
194 0 0.001105 0.001101 0.001109 0.001088 0.001087 0.001109 
195 0 0.001104 0.001100 0.001108 0.001087 0.001086 0.001108 
196 0 0.001105 0.001100 0.001108 0.001088 0.001087 0.001109 
197 0 0.001105 0.001100 0.001108 0.001088 0.001087 0.001109 
198 0 0.001104 0.001100 0.001107 0.001087 0.001086 0.001108 
199 1 0.001103 0.001099 0.001107 0.001086 0.001085 0.001107 
200 0 0.001105 0.001101 0.001108 0.001088 0.001087 0.001109 
201 0 0.001104 0.001100 0.001107 0.001087 0.001086 0.001108 
202 0 0.001105 0.001100 0.001108 0.001088 0.001087 0.001109 
203 1 0.001105 0.001101 0.001109 0.001088 0.001087 0.001109 
204 0 0.001104 0.001100 0.001107 0.001087 0.001086 0.001108 
205 0 0.001105 0.001101 0.001109 0.001088 0.001088 0.001110 
206 0 0.001104 0.001100 0.001108 0.001087 0.001086 0.001108 
207 0 0.001104 0.001100 0.001107 0.001087 0.001086 0.001108 
208 1 0.001105 0.001100 0.001108 0.001088 0.001087 0.001109 
209 1 0.001103 0.001099 0.001107 0.001086 0.001085 0.001107 
210 0 0.001105 0.001100 0.001108 0.001088 0.001087 0.001109 
211 0 0.001104 0.001100 0.001108 0.001087 0.001086 0.001108 
212 1 0.001105 0.001100 0.001108 0.001088 0.001087 0.001109 
213 1 0.001105 0.001101 0.001109 0.001088 0.001087 0.001109 
214 0 0.001104 0.001100 0.001107 0.001087 0.001086 0.001108 
215 0 0.001105 0.001100 0.001108 0.001088 0.001087 0.001109 
216 0 0.001104 0.001100 0.001107 0.001087 0.001086 0.001108 
217 1 0.001104 0.001100 0.001108 0.001087 0.001087 0.001108 
218 1 0.001105 0.001101 0.001109 0.001088 0.001087 0.001109 
219 1 0.001105 0.001101 0.001109 0.001088 0.001087 0.001109 
220 0 0.001104 0.001100 0.001107 0.001087 0.001086 0.001108 
221 1 0.001104 0.001100 0.001107 0.001087 0.001086 0.001108 
222 0 0.001104 0.001100 0.001108 0.001087 0.001086 0.001108 
223 0 0.001105 0.001101 0.001108 0.001088 0.001087 0.001109 
224 0 0.001105 0.001101 0.001108 0.001088 0.001087 0.001109 
225 1 0.001105 0.001101 0.001109 0.001088 0.001087 0.001109 
226 1 0.001105 0.001101 0.001108 0.001088 0.001087 0.001109 
227 1 0.001104 0.001100 0.001108 0.001087 0.001086 0.001108 
228 0 0.001104 0.001100 0.001108 0.001087 0.001086 0.001108 
229 0 0.001104 0.001100 0.001107 0.001087 0.001086 0.001108 
230 0 0.001104 0.001100 0.001107 0.001087 0.001086 0.001108 
231 1 0.001105 0.001101 0.001108 0.001088 0.001087 0.001109 
232 0 0.001105 0.001100 0.001108 0.001088 0.001087 0.001109 
233 0 0.001105 0.001101 0.001108 0.001088 0.001087 0.001109 
234 1 0.001105 0.001101 0.001109 0.001088 0.001087 0.001109 
235 0 0.001104 0.001100 0.001108 0.001087 0.001086 0.001108 
236 0 0.001105 0.001101 0.001108 0.001088 0.001087 0.001109 
237 0 0.001105 0.001100 0.001108 0.001088 0.001087 0.001109 
238 0 0.001105 0.001101 0.001108 0.001088 0.001087 0.001109 
239 0 0.001105 0.001101 0.001108 0.001088 0.001087 0.001109 
240 0 0.001105 0.001100 0.001108 0.001088 0.001087 0.001109 
241 1 0.001105 0.001101 0.001109 0.001088 0.001087 0.001109 
242 0 0.001105 0.001100 0.001108 0.001088 0.001087 0.001109 
243 0 0.001104 0.001100 0.001107 0.001087 0.001086 0.001108 
244 0 0.001105 0.001100 0.001108 0.001088 0.001087 0.001109 
245 0 0.001104 0.001100 0.001107 0.001087 0.001086 0.001108 
246 0 0.001105 0.001101 0.001109 0.001088 0.001087 0.001109 
247 0 0.001104 0.001100 0.001107 0.001087 0.001086 0.001108 
248 0 0.001104 0.001100 0.001107 0.001087 0.001086 0.001108 
249 1 0.001104 0.001100 0.001107 0.001087 0.001086 0.001108 
250 1 0.001105 0.001101 0.001108 0.001088 0.001087 0.001109 
251 0 0.001104 0.001100 0.001108 0.001087 0.001086 0.001108 
252 0 0.001105 0.001100 0.001108 0.001088 0.001087 0.001109 
253 0 0.001105 0.001100 0.001108 0.001088 0.001087 0.001109 
254 1 0.001105 0.001101 0.001109 0.001088 0.001087 0.001109 
255 0 0.001104 0.001100 0.001108 0.001087 0.001086 0.001108 
256 0 0.001104 0.001100 0.001107 0.001087 0.001086 0.001108 
257 0 0.001105 0.001101 0.001109 0.001088 0.001087 0.001109 
258 1 0.001105 0.001100 0.001108 0.001088 0.001087 0.001109 
259 1 0.001105 0.001100 0.001108 0.001088 0.001087 0.001109 
260 0 0.001105 0.001101 0.001109 0.001088 0.001088 0.001110 
261 0 0.001104 0.001100 0.001107 0.001087 0.001086 0.001108 
262 0 0.001105 0.001100 0.001108 0.001088 0.001087 0.001109 
263 0 0.001105 0.001101 0.001108 0.001088 0.001087 0.001109 
264 0 0.001104 0.001100 0.001107 0.001087 0.001086 0.001108 
265 0 0.001104 0.001100 0.001108 0.001087 0.001086 0.001108 
266 0 0.001105 0.001100 0.001108 0.001088 0.001087 0.001109 
267 1 0.001106 0.001102 0.001109 0.001089 0.001088 0.001110 
268 0 0.001105 0.001100 0.001108 0.001088 0.001087 0.001109 
269 0 0.001104 0.001100 0.001107 0.001087 0.001086 0.001108 
270 0 0.001104 0.001100 0.001108 0.001087 0.001086 0.001108 
271 0 0.001104 0.001100 0.001108 0.001087 0.001086 0.001108 
272 0 0.001105 0.001100 0.001108 0.001088 0.001087 0.001109 
273 1 0.001105 0.001100 0.001108 0.001088 0.001087 0.001109 
274 1 0.001103 0.001099 0.001107 0.001086 0.001085 0.001107 
275 0 0.001104 0.001100 0.001107 0.001087 0.001086 0.001108 
276 1 0.001104 0.001100 0.001108 0.001087 0.001086 0.001108 
277 0 0.001105 0.001101 0.001108 0.001088 0.001087 0.001109 
278 1 0.001105 0.001100 0.001108 0.001088 0.001087 0.001109 
279 0 0.001104 0.001100 0.001107 0.001087 0.001086 0.001108 
280 1 0.001105 0.001101 0.001108 0.001088 0.001087 0.001109 
281 1 0.001104 0.001100 0.001108 0.001087 0.001086 0.001108 
282 1 0.001105 0.001101 0.001109 0.001088 0.001087 0.001109 
283 0 0.001105 0.001100 0.001108 0.001088 0.001087 0.001109 
284 1 0.001104 0.001100 0.001108 0.001087 0.001086 0.001108 
285 1 0.001105 0.001101 0.001109 0.001088 0.001087 0.001109 
286 1 0.001105 0.001100 0.001108 0.001088 0.001087 0.001109 
287 1 0.001103 0.001099 0.001107 0.001086 0.001085 0.001107 
288 1 0.001104 0.001100 0.001108 0.001087 0.001086 0.001108 
289 0 0.001105 0.001101 0.001108 0.001088 0.001087 0.001109 
290 0 0.001105 0.001101 0.001108 0.001088 0.001087 0.001109 
291 0 0.001105 0.001101 0.001108 0.001088 0.001087 0.001109 
292 0 0.001105 0.001100 0.001108 0.001088 0.001087 0.001109 
293 0 0.001105 0.001101 0.001109 0.001088 0.001087 0.001109 
294 0 0.001104 0.001100 0.001108 0.001087 0.001086 0.001108 
295 1 0.001105 0.001101 0.001109 0.001088 0.001087 0.001109 
296 0 0.001104 0.001100 0.001107 0.001087 0.001086 0.001108 
297 0 0.001105 0.001101 0.001109 0.001088 0.001087 0.001109 
298 0 0.001105 0.001100 0.001108 0.001088 0.001087 0.001109 
