299 2 8 
0 0 0.000600 0.000355 0.000531 0.000623 0.000426 0.000471 0.000629 0.000492 
1 0 0.000600 0.000355 0.000531 0.000623 0.000426 0.000471 0.000629 0.000492 
2 0 0.000601 0.000355 0.000532 0.000624 0.000426 0.000471 0.000630 0.000492 
3 0 0.000600 0.000355 0.000531 0.000624 0.000426 0.000471 0.000630 0.000492 
4 0 0.000600 0.000355 0.000531 0.000623 0.000426 0.000471 0.000629 0.000492 
5 1 0.000600 0.000355 0.000531 0.000623 0.000426 0.000471 0.000629 0.000492 
6 0 0.000600 0.000355 0.000531 0.000624 0.000426 0.000471 0.000630 0.000492 
7 0 0.000600 0.000355 0.000531 0.000623 0.000426 0.000471 0.000629 0.000492 
8 0 0.000600 0.000355 0.000531 0.000624 0.000426 0.000471 0.000630 0.000492 
9 0 0.000600 0.000355 0.000531 0.000623 0.000426 0.000471 0.000629 0.000492 
10 0 0.000600 0.000355 0.000531 0.000624 0.000426 0.000471 0.000630 0.000492 
11 0 0.000600 0.000355 0.000531 0.000623 0.000426 0.000471 0.000629 0.000492 
12 1 0.000600 0.000355 0.000531 0.000623 0.000426 0.000471 0.000629 0.000492 
13 0 0.000600 0.000355 0.000531 0.000623 0.000426 0.000471 0.000629 0.000492 
14 0 0.000600 0.000355 0.000531 0.000623 0.000426 0.000471 0.000629 0.000492 
15 0 0.000600 0.000355 0.000531 0.000623 0.000426 0.000471 0.000629 0.000492 
16 0 0.000600 0.000355 0.000531 0.000623 0.000426 0.000471 0.000629 0.000492 
17 0 0.000600 0.000355 0.000531 0.000624 0.000426 0.000471 0.000630 0.000492 
18 0 0.000600 0.000355 0.000531 0.000623 0.000426 0.000471 0.000629 0.000492 
19 1 0.000600 0.000355 0.000531 0.000623 0.000426 0.000471 0.000629 0.000492 
20 1 0.000600 0.000355 0.000531 0.000624 0.000426 0.000471 0.000630 0.000492 
21 1 0.000600 0.000355 0.000531 0.000623 0.000426 0.000471 0.000629 0.000492 
22 1 0.000600 0.000355 0.000531 0.000624 0.000426 0.000471 0.000629 0.000492 
23 1 0.000600 0.000355 0.000531 0.000623 0.000426 0.000471 0.000629 0.000492 
24 0 0.000600 0.000355 0.000531 0.000623 0.000426 0.000471 0.000629 0.000492 
25 0 0.000600 0.000355 0.000531 0.000623 0.000426 0.000471 0.000629 0.000492 
26 0 0.000600 0.000355 0.000531 0.000623 0.000426 0.000471 0.000629 0.000492 
27 1 0.000601 0.000355 0.000531 0.000624 0.000426 0.000471 0.000630 0.000492 
28 0 0.000600 0.000355 0.000531 0.000623 0.000426 0.000471 0.000629 0.000492 
29 0 0.000601 0.000355 0.000531 0.000624 0.000426 0.000471 0.000630 0.000492 
30 0 0.000600 0.000355 0.000531 0.000623 0.000426 0.000471 0.000629 0.000492 
31 0 0.000600 0.000355 0.000531 0.000623 0.000426 0.000471 0.000629 0.000492 
32 0 0.000601 0.000355 0.000531 0.000624 0.000426 0.000471 0.000630 0.000492 
33 0 0.000600 0.000355 0.000531 0.000623 0.000426 0.000471 0.000629 0.000492 
34 1 0.000601 0.000355 0.000531 0.000624 0.000426 0.000471 0.000630 0.000492 
35 0 0.000600 0.000355 0.000531 0.000623 0.000426 0.000471 0.000629 0.000492 
36 0 0.000601 0.000355 0.000532 0.000624 0.000426 0.000471 0.000630 0.000492 
37 0 0.000600 0.000355 0.000531 0.000623 0.000426 0.000471 0.000629 0.000492 
38 0 0.000601 0.000355 0.000531 0.000624 0.000426 0.000471 0.000630 0.000492 
39 1 0.000601 0.000355 0.000532 0.000624 0.000426 0.000471 0.000630 0.000492 
40 0 0.000600 0.000355 0.000531 0.000623 0.000426 0.000471 0.000629 0.000492 
41 0 0.000600 0.000355 0.000531 0.000624 0.000426 0.000471 0.000630 0.000492 
42 1 0.000600 0.000355 0.000531 0.000623 0.000426 0.000471 0.000629 0.000491 
43 0 0.000600 0.000355 0.000531 0.000623 0.000426 0.000471 0.000629 0.000492 
44 0 0.000600 0.000355 0.000531 0.000624 0.000426 0.000471 0.000630 0.000492 
45 1 0.000600 0.000355 0.000531 0.000624 0.000426 0.000471 0.000629 0.000492 
46 1 0.000600 0.000355 0.000531 0.000623 0.000426 0.000471 0.000629 0.000492 
47 1 0.000600 0.000355 0.000531 0.000623 0.000426 0.000471 0.000629 0.000492 
48 0 0.000600 0.000355 0.000531 0.000624 0.000426 0.000471 0.000630 0.000492 
49 0 0.000600 0.000355 0.000531 0.000624 0.000426 0.000471 0.000630 0.000492 
50 0 0.000600 0.000355 0.000531 0.000623 0.000426 0.000471 0.000629 0.000492 
51 0 0.000600 0.000355 0.000531 0.000623 0.000426 0.000471 0.000629 0.000492 
52 0 0.000600 0.000355 0.000531 0.000623 0.000426 0.000471 0.000629 0.000492 
53 0 0.000601 0.000355 0.000531 0.000624 0.000426 0.000471 0.000630 0.000492 
54 0 0.000600 0.000355 0.000531 0.000623 0.000426 0.000471 0.000629 0.000492 
55 0 0.000600 0.000355 0.000531 0.000623 0.000426 0.000471 0.000629 0.000492 
56 0 0.000600 0.000355 0.000531 0.000623 0.000426 0.000471 0.000629 0.000492 
57 1 0.000600 0.000355 0.000531 0.000623 0.000426 0.000471 0.000629 0.000492 
58 0 0.000600 0.000355 0.000531 0.000623 0.000426 0.000471 0.000629 0.000492 
59 0 0.000600 0.000355 0.000531 0.000623 0.000426 0.000471 0.000629 0.000492 
60 1 0.000600 0.000355 0.000531 0.000624 0.000426 0.000471 0.000630 0.000492 
61 0 0.000601 0.000355 0.000531 0.000624 0.000426 0.000471 0.000630 0.000492 
62 1 0.000600 0.000355 0.000531 0.000623 0.000426 0.000471 0.000629 0.000492 
63 1 0.000600 0.000355 0.000531 0.000623 0.000426 0.000471 0.000629 0.000492 
64 0 0.000600 0.000355 0.000531 0.000624 0.000426 0.000471 0.000630 0.000492 
65 0 0.000600 0.000355 0.000531 0.000623 0.000426 0.000471 0.000629 0.000492 
66 0 0.000601 0.000355 0.000531 0.000624 0.000426 0.000471 0.000630 0.000492 
67 0 0.000600 0.000355 0.000531 0.000623 0.000426 0.000471 0.000629 0.000492 
68 0 0.000600 0.000355 0.000531 0.000623 0.000426 0.000471 0.000629 0.000492 
69 0 0.000600 0.000355 0.000531 0.000624 0.000426 0.000471 0.000630 0.000492 
70 0 0.000601 0.000355 0.000531 0.000624 0.000426 0.000471 0.000630 0.000492 
71 0 0.000600 0.000355 0.000531 0.000623 0.000426 0.000471 0.000629 0.000492 
72 0 0.000600 0.000355 0.000531 0.000624 0.000426 0.000471 0.000630 0.000492 
73 1 0.000600 0.000355 0.000531 0.000623 0.000426 0.000471 0.000629 0.000492 
74 1 0.000600 0.000355 0.000531 0.000623 0.000426 0.000471 0.000629 0.000492 
75 0 0.000600 0.000355 0.000531 0.000623 0.000426 0.000471 0.000629 0.000492 
76 0 0.000600 0.000355 0.000531 0.000624 0.000426 0.000471 0.000630 0.000492 
77 1 0.000600 0.000355 0.000531 0.000623 0.000426 0.000471 0.000629 0.000492 
78 1 0.000600 0.000355 0.000531 0.000623 0.000426 0.000471 0.000629 0.000492 
79 1 0.000601 0.000355 0.000532 0.000624 0.000426 0.000471 0.000630 0.000492 
80 0 0.000601 0.000355 0.000531 0.000624 0.000426 0.000471 0.000630 0.000492 
81 0 0.000600 0.000355 0.000531 0.000623 0.000426 0.000471 0.000629 0.000492 
82 1 0.000600 0.000355 0.000531 0.000623 0.000426 0.000471 0.000629 0.000492 
83 0 0.000600 0.000355 0.000531 0.000623 0.000426 0.000471 0.000629 0.000492 
84 0 0.000600 0.000355 0.000531 0.000623 0.000426 0.000471 0.000629 0.000492 
85 0 0.000600 0.000355 0.000531 0.000623 0.000426 0.000471 0.000629 0.000492 
86 1 0.000600 0.000355 0.000531 0.000623 0.000426 0.000471 0.000629 0.000492 
87 0 0.000601 0.000355 0.000531 0.000624 0.000426 0.000471 0.000630 0.000492 
88 0 0.000600 0.000355 0.000531 0.000623 0.000426 0.000471 0.000629 0.000492 
89 1 0.000600 0.000355 0.000531 0.000623 0.000426 0.000471 0.000629 0.000492 
90 0 0.000601 0.000355 0.000531 0.000624 0.000426 0.000471 0.000630 0.000492 
91 0 0.000601 0.000355 0.000532 0.000624 0.000426 0.000471 0.000630 0.000492 
92 0 0.000600 0.000355 0.000531 0.000624 0.000426 0.000471 0.000629 0.000492 
93 0 0.000601 0.000355 0.000531 0.000624 0.000426 0.000471 0.000630 0.000492 
94 1 0.000600 0.000355 0.000531 0.000623 0.000426 0.000471 0.000629 0.000492 
95 0 0.000600 0.000355 0.000531 0.000623 0.000426 0.000471 0.000629 0.000492 
96 0 0.000600 0.000355 0.000531 0.000624 0.000426 0.000471 0.000630 0.000492 
97 0 0.000600 0.000355 0.000531 0.000623 0.000426 0.000471 0.000629 0.000492 
98 0 0.000600 0.000355 0.000531 0.000623 0.000426 0.000471 0.000629 0.000492 
99 0 0.000600 0.000355 0.000531 0.000623 0.000426 0.000471 0.000629 0.000492 
100 0 0.000600 0.000355 0.000531 0.000623 0.000426 0.000471 0.000629 0.000492 
101 0 0.000600 0.000355 0.000531 0.000624 0.000426 0.000471 0.000630 0.000492 
102 1 0.000600 0.000355 0.000531 0.000623 0.000426 0.000471 0.000629 0.000492 
103 0 0.000600 0.000355 0.000531 0.000623 0.000426 0.000471 0.000629 0.000492 
104 0 0.000600 0.000355 0.000531 0.000623 0.000426 0.000471 0.000629 0.000492 
105 0 0.000600 0.000355 0.000531 0.000623 0.000426 0.000471 0.000629 0.000492 
106 1 0.000601 0.000355 0.000531 0.000624 0.000426 0.000471 0.000630 0.000492 
107 0 0.000600 0.000355 0.000531 0.000623 0.000426 0.000471 0.000629 0.000492 
108 0 0.000600 0.000355 0.000531 0.000623 0.000426 0.000471 0.000629 0.000492 
109 1 0.000600 0.000355 0.000531 0.000624 0.000426 0.000471 0.000630 0.000492 
110 0 0.000600 0.000355 0.000531 0.000623 0.000426 0.000471 0.000629 0.000492 
111 1 0.000600 0.000355 0.000531 0.000623 0.000426 0.000471 0.000629 0.000492 
112 0 0.000600 0.000355 0.000531 0.000623 0.000426 0.000471 0.000629 0.000492 
113 0 0.000601 0.000355 0.000531 0.000624 0.000426 0.000471 0.000630 0.000492 
114 0 0.000600 0.000355 0.000531 0.000624 0.000426 0.000471 0.000630 0.000492 
115 0 0.000601 0.000355 0.000531 0.000624 0.000426 0.000471 0.000630 0.000492 
116 0 0.000600 0.000355 0.000531 0.000623 0.000426 0.000471 0.000629 0.000492 
117 1 0.000600 0.000355 0.000531 0.000624 0.000426 0.000471 0.000629 0.000492 
118 0 0.000600 0.000355 0.000531 0.000624 0.000426 0.000471 0.000630 0.000492 
119 0 0.000600 0.000355 0.000531 0.000623 0.000426 0.000471 0.000629 0.000492 
120 0 0.000601 0.000355 0.000532 0.000624 0.000426 0.000471 0.000630 0.000492 
121 0 0.000601 0.000355 0.000531 0.000624 0.000426 0.000471 0.000630 0.000492 
122 0 0.000600 0.000355 0.000531 0.000623 0.000426 0.000471 0.000629 0.000492 
123 0 0.000600 0.000355 0.000531 0.000623 0.000426 0.000471 0.000629 0.000492 
124 0 0.000600 0.000355 0.000531 0.000623 0.000426 0.000471 0.000629 0.000492 
125 0 0.000600 0.000355 0.000531 0.000623 0.000426 0.000471 0.000629 0.000492 
126 0 0.000600 0.000355 0.000531 0.000623 0.000426 0.000471 0.000629 0.000492 
127 0 0.000600 0.000355 0.000531 0.000624 0.000426 0.000471 0.000630 0.000492 
128 0 0.000600 0.000355 0.000531 0.000623 0.000426 0.000471 0.000629 0.000492 
129 0 0.000600 0.000355 0.000531 0.000623 0.000426 0.000471 0.000629 0.000492 
130 0 0.000600 0.000355 0.000531 0.000624 0.000426 0.000471 0.000630 0.000492 
131 0 0.000600 0.000355 0.000531 0.000623 0.000426 0.000471 0.000629 0.000492 
132 0 0.000601 0.000355 0.000532 0.000624 0.000426 0.000471 0.000630 0.000492 
133 0 0.000600 0.000355 0.000531 0.000623 0.000426 0.000471 0.000629 0.000492 
134 0 0.000600 0.000355 0.000531 0.000624 0.000426 0.000471 0.000630 0.000492 
135 0 0.000601 0.000355 0.000531 0.000624 0.000426 0.000471 0.000630 0.000492 
136 0 0.000600 0.000355 0.000531 0.000623 0.000426 0.000471 0.000629 0.000492 
137 0 0.000600 0.000355 0.000531 0.000623 0.000426 0.000471 0.000629 0.000492 
138 0 0.000600 0.000355 0.000531 0.000623 0.000426 0.000471 0.000629 0.000492 
139 1 0.000600 0.000355 0.000531 0.000623 0.000426 0.000471 0.000629 0.000492 
140 0 0.000600 0.000355 0.000531 0.000624 0.000426 0.000471 0.000629 0.000492 
141 0 0.000601 0.000355 0.000532 0.000624 0.000426 0.000471 0.000630 0.000492 
142 0 0.000600 0.000355 0.000531 0.000623 0.000426 0.000471 0.000629 0.000492 
143 0 0.000600 0.000355 0.000531 0.000623 0.000426 0.000471 0.000629 0.000492 
144 0 0.000601 0.000355 0.000532 0.000624 0.000426 0.000471 0.000630 0.000492 
145 0 0.000600 0.000355 0.000531 0.000624 0.000426 0.000471 0.000630 0.000492 
146 0 0.000600 0.000355 0.000531 0.000624 0.000426 0.000471 0.000630 0.000492 
147 0 0.000600 0.000355 0.000531 0.000623 0.000426 0.000471 0.000629 0.000492 
148 1 0.000600 0.000355 0.000531 0.000623 0.000426 0.000471 0.000629 0.000492 
149 0 0.000600 0.000355 0.000531 0.000624 0.000426 0.000471 0.000630 0.000492 
150 1 0.000600 0.000355 0.000531 0.000623 0.000426 0.000471 0.000629 0.000492 
151 0 0.000600 0.000355 0.000531 0.000624 0.000426 0.000471 0.000630 0.000492 
152 0 0.000600 0.000355 0.000531 0.000623 0.000426 0.000471 0.000629 0.000492 
153 1 0.000601 0.000355 0.000531 0.000624 0.000426 0.000471 0.000630 0.000492 
154 0 0.000600 0.000355 0.000531 0.000624 0.000426 0.000471 0.000630 0.000492 
155 0 0.000600 0.000355 0.000531 0.000623 0.000426 0.000471 0.000629 0.000492 
156 1 0.000600 0.000355 0.000531 0.000624 0.000426 0.000471 0.000630 0.000492 
157 1 0.000601 0.000355 0.000531 0.000624 0.000426 0.000471 0.000630 0.000492 
158 0 0.000600 0.000355 0.000531 0.000623 0.000426 0.000471 0.000629 0.000492 
159 0 0.000600 0.000355 0.000531 0.000623 0.000426 0.000471 0.000629 0.000492 
160 0 0.000601 0.000355 0.000532 0.000624 0.000426 0.000471 0.000630 0.000492 
161 0 0.000600 0.000355 0.000531 0.000624 0.000426 0.000471 0.000630 0.000492 
162 0 0.000600 0.000355 0.000531 0.000623 0.000426 0.000471 0.000629 0.000492 
163 0 0.000600 0.000355 0.000531 0.000623 0.000426 0.000471 0.000629 0.000492 
164 0 0.000601 0.000355 0.000531 0.000624 0.000426 0.000471 0.000630 0.000492 
165 0 0.000600 0.000355 0.000531 0.000623 0.000426 0.000471 0.000629 0.000492 
166 1 0.000600 0.000355 0.000531 0.000624 0.000426 0.000471 0.000630 0.000492 
167 0 0.000600 0.000355 0.000531 0.000623 0.000426 0.000471 0.000629 0.000492 
168 1 0.000600 0.000355 0.000531 0.000624 0.000426 0.000471 0.000629 0.000492 
169 0 0.000600 0.000355 0.000531 0.000623 0.000426 0.000471 0.000629 0.000492 
170 0 0.000600 0.000355 0.000531 0.000623 0.000426 0.000471 0.000629 0.000492 
171 1 0.000601 0.000355 0.000531 0.000624 0.000426 0.000471 0.000630 0.000492 
172 0 0.000601 0.000355 0.000531 0.000624 0.000426 0.000471 0.000630 0.000492 
173 0 0.000600 0.000355 0.000531 0.000624 0.000426 0.000471 0.000630 0.000492 
174 0 0.000601 0.000355 0.000531 0.000624 0.000426 0.000471 0.000630 0.000492 
175 0 0.000600 0.000355 0.000531 0.000623 0.000426 0.000471 0.000629 0.000492 
176 0 0.000600 0.000355 0.000531 0.000624 0.000426 0.000471 0.000630 0.000492 
177 0 0.000600 0.000355 0.000531 0.000623 0.000426 0.000471 0.000629 0.000492 
178 1 0.000600 0.000355 0.000531 0.000623 0.000426 0.000471 0.000629 0.000492 
179 1 0.000600 0.000355 0.000531 0.000623 0.000426 0.000471 0.000629 0.000492 
180 0 0.000600 0.000355 0.000531 0.000623 0.000426 0.000471 0.000629 0.000492 
181 0 0.000600 0.000355 0.000531 0.000623 0.000426 0.000471 0.000629 0.000492 
182 1 0.000600 0.000355 0.000531 0.000624 0.000426 0.000471 0.000630 0.000492 
183 1 0.000600 0.000355 0.000531 0.000623 0.000426 0.000471 0.000629 0.000492 
184 1 0.000600 0.000355 0.000531 0.000623 0.000426 0.000471 0.000629 0.000492 
185 0 0.000600 0.000355 0.000531 0.000624 0.000426 0.000471 0.000630 0.000492 
186 0 0.000601 0.000355 0.000531 0.000624 0.000426 0.000471 0.000630 0.000492 
187 0 0.000601 0.000355 0.000531 0.000624 0.000426 0.000471 0.000630 0.000492 
188 1 0.000600 0.000355 0.000531 0.000624 0.000426 0.000471 0.000630 0.000492 
189 1 0.000600 0.000355 0.000531 0.000624 0.000426 0.000471 0.000630 0.000492 
190 0 0.000600 0.000355 0.000531 0.000623 0.000426 0.000471 0.000629 0.000492 
191 0 0.000600 0.000355 0.000531 0.000623 0.000426 0.000471 0.000629 0.000492 
192 0 0.000600 0.000355 0.000531 0.000624 0.000426 0.000471 0.000629 0.000492 
193 0 0.000600 0.000355 0.000531 0.000623 0.000426 0.000471 0.000629 0.000492 
194 0 0.000601 0.000355 0.000531 0.000624 0.000426 0.000471 0.000630 0.000492 
195 1 0.000600 0.000355 0.000531 0.000623 0.000426 0.000471 0.000629 0.000492 
196 1 0.000600 0.000355 0.000531 0.000623 0.000426 0.000471 0.000629 0.000492 
197 0 0.000601 0.000355 0.000531 0.000624 0.000426 0.000471 0.000630 0.000492 
198 0 0.000600 0.000355 0.000531 0.000624 0.000426 0.000471 0.000630 0.000492 
199 0 0.000600 0.000355 0.000531 0.000623 0.000426 0.000471 0.000629 0.000492 
200 0 0.000601 0.000355 0.000532 0.000624 0.000426 0.000471 0.000630 0.000492 
201 1 0.000601 0.000355 0.000531 0.000624 0.000426 0.000471 0.000630 0.000492 
202 0 0.000600 0.000355 0.000531 0.000623 0.000426 0.000471 0.000629 0.000492 
203 1 0.000600 0.000355 0.000531 0.000624 0.000426 0.000471 0.000630 0.000492 
204 1 0.000601 0.000355 0.000532 0.000624 0.000426 0.000471 0.000630 0.000492 
205 1 0.000600 0.000355 0.000531 0.000624 0.000426 0.000471 0.000630 0.000492 
206 0 0.000600 0.000355 0.000531 0.000623 0.000426 0.000471 0.000629 0.000492 
207 1 0.000600 0.000355 0.000531 0.000624 0.000426 0.000471 0.000629 0.000492 
208 1 0.000601 0.000355 0.000531 0.000624 0.000426 0.000471 0.000630 0.000492 
209 1 0.000600 0.000355 0.000531 0.000623 0.000426 0.000471 0.000629 0.000492 
210 0 0.000600 0.000355 0.000531 0.000624 0.000426 0.000471 0.000630 0.000492 
211 1 0.000601 0.000355 0.000532 0.000624 0.000426 0.000471 0.000630 0.000492 
212 0 0.000600 0.000355 0.000531 0.000624 0.000426 0.000471 0.000630 0.000492 
213 1 0.000601 0.000355 0.000531 0.000624 0.000426 0.000471 0.000630 0.000492 
214 0 0.000600 0.000355 0.000531 0.000623 0.000426 0.000471 0.000629 0.000492 
215 0 0.000600 0.000355 0.000531 0.000623 0.000426 0.000471 0.000629 0.000492 
216 1 0.000600 0.000355 0.000531 0.000623 0.000426 0.000471 0.000629 0.000492 
217 1 0.000600 0.000355 0.000531 0.000623 0.000426 0.000471 0.000629 0.000492 
218 1 0.000600 0.000355 0.000531 0.000623 0.000426 0.000471 0.000629 0.000492 
219 1 0.000600 0.000355 0.000531 0.000623 0.000426 0.000471 0.000629 0.000492 
220 1 0.000600 0.000355 0.000531 0.000624 0.000426 0.000471 0.000630 0.000492 
221 1 0.000600 0.000355 0.000531 0.000623 0.000426 0.000471 0.000629 0.000492 
222 0 0.000601 0.000355 0.000531 0.000624 0.000426 0.000471 0.000630 0.000492 
223 0 0.000601 0.000355 0.000531 0.000624 0.000426 0.000471 0.000630 0.000492 
224 1 0.000601 0.000355 0.000531 0.000624 0.000426 0.000471 0.000630 0.000492 
225 1 0.000600 0.000355 0.000531 0.000623 0.000426 0.000471 0.000629 0.000492 
226 0 0.000600 0.000355 0.000531 0.000623 0.000426 0.000471 0.000629 0.000492 
227 0 0.000600 0.000355 0.000531 0.000624 0.000426 0.000471 0.000630 0.000492 
228 0 0.000600 0.000355 0.000531 0.000623 0.000426 0.000471 0.000629 0.000492 
229 0 0.000600 0.000355 0.000531 0.000623 0.000426 0.000471 0.000629 0.000492 
230 0 0.000600 0.000355 0.000531 0.000623 0.000426 0.000471 0.000629 0.000492 
231 0 0.000600 0.000355 0.000531 0.000623 0.000426 0.000471 0.000629 0.000492 
232 0 0.000600 0.000355 0.000531 0.000623 0.000426 0.000471 0.000629 0.000492 
233 0 0.000600 0.000355 0.000531 0.000623 0.000426 0.000471 0.000629 0.000492 
234 0 0.000600 0.000355 0.000531 0.000624 0.000426 0.000471 0.000629 0.000492 
235 0 0.000601 0.000355 0.000531 0.000624 0.000426 0.000471 0.000630 0.000492 
236 1 0.000600 0.000355 0.000531 0.000624 0.000426 0.000471 0.000630 0.000492 
237 0 0.000600 0.000355 0.000531 0.000623 0.000426 0.000471 0.000629 0.000492 
238 0 0.000601 0.000355 0.000531 0.000624 0.000426 0.000471 0.000630 0.000492 
239 0 0.000600 0.000355 0.000531 0.000623 0.000426 0.000471 0.000629 0.000492 
240 0 0.000600 0.000355 0.000531 0.000624 0.000426 0.000471 0.000630 0.000492 
241 0 0.000600 0.000355 0.000531 0.000623 0.000426 0.000471 0.000629 0.000492 
242 0 0.000600 0.000355 0.000531 0.000623 0.000426 0.000471 0.000629 0.000492 
243 1 0.000600 0.000355 0.000531 0.000623 0.000426 0.000471 0.000629 0.000492 
244 1 0.000601 0.000355 0.000531 0.000624 0.000426 0.000471 0.000630 0.000492 
245 0 0.000600 0.000355 0.000531 0.000623 0.000426 0.000471 0.000629 0.000492 
246 0 0.000600 0.000355 0.000531 0.000624 0.000426 0.000471 0.000630 0.000492 
247 0 0.000600 0.000355 0.000531 0.000623 0.000426 0.000471 0.000629 0.000492 
248 1 0.000600 0.000355 0.000531 0.000623 0.000426 0.000471 0.000629 0.000492 
249 0 0.000600 0.000355 0.000531 0.000623 0.000426 0.000471 0.000629 0.000492 
250 0 0.000601 0.000355 0.000531 0.000624 0.000426 0.000471 0.000630 0.000492 
251 0 0.000600 0.000355 0.000531 0.000623 0.000426 0.000471 0.000629 0.000492 
252 1 0.000600 0.000355 0.000531 0.000623 0.000426 0.000471 0.000629 0.000492 
253 0 0.000600 0.000355 0.000531 0.000624 0.000426 0.000471 0.000630 0.000492 
254 1 0.000600 0.000355 0.000531 0.000623 0.000426 0.000471 0.000629 0.000492 
255 0 0.000600 0.000355 0.000531 0.000624 0.000426 0.000471 0.000630 0.000492 
256 0 0.000600 0.000355 0.000531 0.000623 0.000426 0.000471 0.000629 0.000492 
257 1 0.000601 0.000355 0.000532 0.000624 0.000426 0.000471 0.000630 0.000492 
258 1 0.000601 0.000355 0.000532 0.000624 0.000426 0.000471 0.000630 0.000492 
259 1 0.000600 0.000355 0.000531 0.000624 0.000426 0.000471 0.000630 0.000492 
260 1 0.000600 0.000355 0.000531 0.000624 0.000426 0.000471 0.000630 0.000492 
261 1 0.000600 0.000355 0.000531 0.000623 0.000426 0.000471 0.000629 0.000492 
262 0 0.000600 0.000355 0.000531 0.000623 0.000426 0.000471 0.000629 0.000492 
263 0 0.000600 0.000355 0.000531 0.000624 0.000426 0.000471 0.000629 0.000492 
264 0 0.000601 0.000355 0.000532 0.000624 0.000426 0.000471 0.000630 0.000492 
265 0 0.000600 0.000355 0.000531 0.000624 0.000426 0.000471 0.000630 0.000492 
266 0 0.000600 0.000355 0.000531 0.000624 0.000426 0.000471 0.000629 0.000492 
267 0 0.000601 0.000355 0.000531 0.000624 0.000426 0.000471 0.000630 0.000492 
268 0 0.000601 0.000355 0.000532 0.000624 0.000426 0.000471 0.000630 0.000492 
269 0 0.000600 0.000355 0.000531 0.000623 0.000426 0.000471 0.000629 0.000492 
270 0 0.000601 0.000355 0.000531 0.000624 0.000426 0.000471 0.000630 0.000492 
271 1 0.000600 0.000355 0.000531 0.000624 0.000426 0.000471 0.000629 0.000492 
272 0 0.000600 0.000355 0.000531 0.000624 0.000426 0.000471 0.000630 0.000492 
273 1 0.000600 0.000355 0.000531 0.000623 0.000426 0.000471 0.000629 0.000492 
274 0 0.000600 0.000355 0.000531 0.000623 0.000426 0.000471 0.000629 0.000492 
275 0 0.000601 0.000355 0.000532 0.000624 0.000426 0.000471 0.000630 0.000492 
276 0 0.000600 0.000355 0.000531 0.000623 0.000426 0.000471 0.000629 0.000492 
277 1 0.000601 0.000355 0.000532 0.000624 0.000426 0.000471 0.000630 0.000492 
278 0 0.000600 0.000355 0.000531 0.000623 0.000426 0.000471 0.000629 0.000492 
279 0 0.000600 0.000355 0.000531 0.000623 0.000426 0.000471 0.000629 0.000492 
280 1 0.000600 0.000355 0.000531 0.000623 0.000426 0.000471 0.000629 0.000492 
281 0 0.000600 0.000355 0.000531 0.000624 0.000426 0.000471 0.000630 0.000492 
282 0 0.000600 0.000355 0.000531 0.000623 0.000426 0.000471 0.000629 0.000492 
283 0 0.000600 0.000355 0.000531 0.000624 0.000426 0.000471 0.000630 0.000492 
284 1 0.000600 0.000355 0.000531 0.000624 0.000426 0.000471 0.000630 0.000492 
285 0 0.000600 0.000355 0.000531 0.000624 0.000426 0.000471 0.000629 0.000492 
286 1 0.000600 0.000355 0.000531 0.000623 0.000426 0.000471 0.000629 0.000492 
287 0 0.000600 0.000355 0.000531 0.000623 0.000426 0.000471 0.000629 0.000492 
288 0 0.000600 0.000355 0.000531 0.000623 0.000426 0.000471 0.000629 0.000492 
289 0 0.000600 0.000355 0.000531 0.000623 0.000426 0.000471 0.000629 0.000492 
290 0 0.000600 0.000355 0.000531 0.000623 0.000426 0.000471 0.000629 0.000492 
291 0 0.000600 0.000355 0.000531 0.000623 0.000426 0.000471 0.000629 0.000492 
292 0 0.000600 0.000355 0.000531 0.000623 0.000426 0.000471 0.000629 0.000492 
293 1 0.000600 0.000355 0.000531 0.000623 0.000426 0.000471 0.000629 0.000492 
294 0 0.000600 0.000355 0.000531 0.000624 0.000426 0.000471 0.000630 0.000492 
295 1 0.000600 0.000355 0.000531 0.000623 0.000426 0.000471 0.000629 0.000492 
296 0 0.000601 0.000355 0.000532 0.000624 0.000426 0.000471 0.000630 0.000492 
297 0 0.000600 0.000355 0.000531 0.000623 0.000426 0.000471 0.000629 0.000492 
298 0 0.000600 0.000355 0.000531 0.000623 0.000426 0.000471 0.000629 0.000492 
