299 2 6 
0 1 0.000110 0.000155 0.000123 0.000126 0.000118 0.000128 
1 0 0.000110 0.000155 0.000123 0.000126 0.000118 0.000128 
2 1 0.000110 0.000155 0.000123 0.000126 0.000118 0.000128 
3 0 0.000110 0.000155 0.000123 0.000126 0.000118 0.000128 
4 0 0.000110 0.000155 0.000123 0.000126 0.000118 0.000128 
5 0 0.000110 0.000155 0.000123 0.000126 0.000118 0.000128 
6 1 0.000110 0.000155 0.000123 0.000126 0.000118 0.000128 
7 0 0.000110 0.000155 0.000123 0.000126 0.000118 0.000128 
8 0 0.000110 0.000155 0.000123 0.000126 0.000118 0.000128 
9 0 0.000110 0.000155 0.000123 0.000126 0.000118 0.000128 
10 1 0.000110 0.000155 0.000123 0.000126 0.000118 0.000128 
11 1 0.000110 0.000155 0.000123 0.000126 0.000118 0.000128 
12 0 0.000110 0.000155 0.000123 0.000126 0.000118 0.000128 
13 0 0.000110 0.000155 0.000123 0.000126 0.000118 0.000128 
14 0 0.000110 0.000155 0.000123 0.000126 0.000118 0.000128 
15 1 0.000110 0.000155 0.000123 0.000126 0.000118 0.000128 
16 0 0.000110 0.000155 0.000123 0.000126 0.000118 0.000128 
17 1 0.000110 0.000155 0.000123 0.000126 0.000118 0.000128 
18 0 0.000110 0.000155 0.000123 0.000126 0.000118 0.000128 
19 0 0.000110 0.000155 0.000123 0.000126 0.000118 0.000128 
20 1 0.000110 0.000155 0.000123 0.000126 0.000118 0.000128 
21 0 0.000110 0.000155 0.000123 0.000126 0.000118 0.000128 
22 0 0.000110 0.000155 0.000123 0.000126 0.000118 0.000128 
23 0 0.000110 0.000155 0.000123 0.000126 0.000118 0.000128 
24 0 0.000110 0.000155 0.000123 0.000126 0.000118 0.000128 
25 0 0.000110 0.000155 0.000123 0.000126 0.000118 0.000128 
26 0 0.000110 0.000155 0.000123 0.000126 0.000118 0.000128 
27 0 0.000110 0.000155 0.000123 0.000126 0.000118 0.000128 
28 0 0.000110 0.000155 0.000123 0.000126 0.000118 0.000128 
29 0 0.000110 0.000155 0.000123 0.000126 0.000118 0.000128 
30 1 0.000110 0.000155 0.000123 0.000126 0.000118 0.000128 
31 0 0.000110 0.000155 0.000123 0.000126 0.000118 0.000128 
32 1 0.000110 0.000155 0.000123 0.000126 0.000118 0.000128 
33 0 0.000110 0.000155 0.000123 0.000126 0.000118 0.000128 
34 0 0.000110 0.000155 0.000123 0.000126 0.000118 0.000128 
35 0 0.000110 0.000155 0.000123 0.000126 0.000118 0.000128 
36 0 0.000110 0.000155 0.000123 0.000126 0.000118 0.000128 
37 0 0.000110 0.000155 0.000123 0.000126 0.000118 0.000128 
38 1 0.000110 0.000155 0.000123 0.000126 0.000118 0.000128 
39 1 0.000110 0.000155 0.000123 0.000126 0.000118 0.000128 
40 1 0.000110 0.000155 0.000123 0.000126 0.000118 0.000128 
41 0 0.000110 0.000155 0.000123 0.000126 0.000118 0.000128 
42 1 0.000110 0.000155 0.000123 0.000126 0.000118 0.000128 
43 1 0.000110 0.000155 0.000123 0.000126 0.000118 0.000128 
44 0 0.000110 0.000155 0.000123 0.000126 0.000118 0.000128 
45 0 0.000110 0.000155 0.000123 0.000126 0.000118 0.000128 
46 0 0.000110 0.000155 0.000123 0.000126 0.000118 0.000128 
47 0 0.000110 0.000155 0.000123 0.000126 0.000118 0.000128 
48 0 0.000110 0.000155 0.000123 0.000126 0.000118 0.000128 
49 0 0.000110 0.000155 0.000123 0.000126 0.000118 0.000128 
50 0 0.000110 0.000155 0.000123 0.000126 0.000118 0.000128 
51 0 0.000110 0.000155 0.000123 0.000126 0.000118 0.000128 
52 0 0.000110 0.000155 0.000123 0.000126 0.000118 0.000128 
53 1 0.000110 0.000155 0.000123 0.000126 0.000118 0.000128 
54 0 0.000110 0.000155 0.000123 0.000126 0.000118 0.000128 
55 0 0.000110 0.000155 0.000123 0.000126 0.000118 0.000128 
56 0 0.000110 0.000155 0.000123 0.000126 0.000118 0.000128 
57 1 0.000110 0.000155 0.000123 0.000126 0.000118 0.000128 
58 0 0.000110 0.000155 0.000123 0.000126 0.000118 0.000128 
59 0 0.000110 0.000155 0.000123 0.000126 0.000118 0.000128 
60 0 0.000110 0.000155 0.000123 0.000126 0.000118 0.000128 
61 0 0.000110 0.000155 0.000123 0.000126 0.000118 0.000128 
62 0 0.000110 0.000155 0.000123 0.000126 0.000118 0.000128 
63 0 0.000110 0.000155 0.000123 0.000126 0.000118 0.000128 
64 0 0.000110 0.000155 0.000123 0.000126 0.000118 0.000128 
65 1 0.000109 0.000155 0.000123 0.000126 0.000118 0.000128 
66 1 0.000110 0.000155 0.000123 0.000126 0.000118 0.000128 
67 0 0.000110 0.000155 0.000123 0.000126 0.000118 0.000128 
68 0 0.000110 0.000155 0.000123 0.000126 0.000118 0.000128 
69 0 0.000110 0.000155 0.000123 0.000126 0.000118 0.000128 
70 0 0.000110 0.000155 0.000123 0.000126 0.000118 0.000128 
71 1 0.000110 0.000155 0.000123 0.000126 0.000118 0.000128 
72 0 0.000110 0.000155 0.000123 0.000126 0.000118 0.000128 
73 0 0.000110 0.000155 0.000123 0.000126 0.000118 0.000128 
74 1 0.000110 0.000155 0.000123 0.000126 0.000118 0.000128 
75 0 0.000110 0.000155 0.000123 0.000126 0.000118 0.000128 
76 1 0.000109 0.000155 0.000123 0.000126 0.000118 0.000128 
77 1 0.000110 0.000155 0.000123 0.000126 0.000118 0.000128 
78 0 0.000110 0.000155 0.000123 0.000126 0.000118 0.000128 
79 0 0.000110 0.000155 0.000123 0.000126 0.000118 0.000128 
80 1 0.000110 0.000155 0.000123 0.000126 0.000118 0.000128 
81 1 0.000110 0.000155 0.000123 0.000126 0.000118 0.000128 
82 1 0.000110 0.000155 0.000123 0.000126 0.000118 0.000128 
83 0 0.000110 0.000155 0.000123 0.000126 0.000118 0.000128 
84 0 0.000110 0.000155 0.000123 0.000126 0.000118 0.000128 
85 0 0.000110 0.000155 0.000123 0.000126 0.000118 0.000128 
86 0 0.000110 0.000155 0.000123 0.000126 0.000118 0.000128 
87 0 0.000110 0.000155 0.000123 0.000126 0.000118 0.000128 
88 0 0.000110 0.000155 0.000123 0.000126 0.000118 0.000128 
89 1 0.000110 0.000155 0.000123 0.000126 0.000118 0.000128 
90 0 0.000110 0.000155 0.000123 0.000126 0.000118 0.000128 
91 0 0.000110 0.000155 0.000123 0.000126 0.000118 0.000128 
92 1 0.000110 0.000155 0.000123 0.000126 0.000118 0.000128 
93 0 0.000110 0.000155 0.000123 0.000126 0.000118 0.000128 
94 0 0.000110 0.000155 0.000123 0.000126 0.000118 0.000128 
95 0 0.000110 0.000155 0.000123 0.000126 0.000118 0.000128 
96 0 0.000110 0.000155 0.000123 0.000126 0.000118 0.000128 
97 1 0.000110 0.000155 0.000123 0.000126 0.000118 0.000128 
98 1 0.000110 0.000155 0.000123 0.000126 0.000118 0.000128 
99 0 0.000110 0.000155 0.000123 0.000126 0.000118 0.000128 
100 1 0.000110 0.000155 0.000123 0.000126 0.000118 0.000128 
101 0 0.000110 0.000155 0.000123 0.000126 0.000118 0.000128 
102 0 0.000110 0.000155 0.000123 0.000126 0.000118 0.000128 
103 0 0.000110 0.000155 0.000123 0.000126 0.000118 0.000128 
104 1 0.000110 0.000155 0.000123 0.000126 0.000118 0.000128 
105 0 0.000110 0.000155 0.000123 0.000126 0.000118 0.000128 
106 1 0.000109 0.000155 0.000123 0.000126 0.000118 0.000128 
107 1 0.000110 0.000155 0.000123 0.000126 0.000118 0.000128 
108 1 0.000110 0.000155 0.000123 0.000126 0.000118 0.000128 
109 0 0.000110 0.000155 0.000123 0.000126 0.000118 0.000128 
110 0 0.000110 0.000155 0.000123 0.000126 0.000118 0.000128 
111 0 0.000110 0.000155 0.000123 0.000126 0.000118 0.000128 
112 1 0.000110 0.000155 0.000123 0.000126 0.000118 0.000128 
113 0 0.000110 0.000155 0.000123 0.000126 0.000118 0.000128 
114 0 0.000110 0.000155 0.000123 0.000126 0.000118 0.000128 
115 0 0.000110 0.000155 0.000123 0.000126 0.000118 0.000128 
116 1 0.000110 0.000155 0.000123 0.000126 0.000118 0.000128 
117 0 0.000110 0.000155 0.000123 0.000126 0.000118 0.000128 
118 0 0.000110 0.000155 0.000123 0.000126 0.000118 0.000128 
119 0 0.000110 0.000155 0.000123 0.000126 0.000118 0.000128 
120 1 0.000110 0.000155 0.000123 0.000126 0.000118 0.000128 
121 0 0.000110 0.000155 0.000123 0.000126 0.000118 0.000128 
122 0 0.000110 0.000155 0.000123 0.000126 0.000118 0.000128 
123 1 0.000110 0.000155 0.000123 0.000126 0.000118 0.000128 
124 0 0.000110 0.000155 0.000123 0.000126 0.000118 0.000128 
125 1 0.000110 0.000155 0.000123 0.000126 0.000118 0.000128 
126 1 0.000110 0.000155 0.000123 0.000126 0.000118 0.000128 
127 0 0.000110 0.000155 0.000123 0.000126 0.000118 0.000128 
128 1 0.000110 0.000155 0.000123 0.000126 0.000118 0.000128 
129 0 0.000110 0.000155 0.000123 0.000126 0.000118 0.000128 
130 0 0.000110 0.000155 0.000123 0.000126 0.000118 0.000128 
131 0 0.000110 0.000155 0.000123 0.000126 0.000118 0.000128 
132 0 0.000110 0.000155 0.000123 0.000126 0.000118 0.000128 
133 0 0.000110 0.000155 0.000123 0.000126 0.000118 0.000128 
134 1 0.000110 0.000155 0.000123 0.000126 0.000118 0.000128 
135 0 0.000110 0.000155 0.000123 0.000126 0.000118 0.000128 
136 0 0.000110 0.000155 0.000123 0.000126 0.000118 0.000128 
137 1 0.000110 0.000155 0.000123 0.000126 0.000118 0.000128 
138 0 0.000110 0.000155 0.000123 0.000126 0.000118 0.000128 
139 0 0.000110 0.000155 0.000123 0.000126 0.000118 0.000128 
140 0 0.000110 0.000155 0.000123 0.000126 0.000118 0.000128 
141 0 0.000110 0.000155 0.000123 0.000126 0.000118 0.000128 
142 1 0.000110 0.000155 0.000123 0.000126 0.000118 0.000128 
143 0 0.000110 0.000155 0.000123 0.000126 0.000118 0.000128 
144 1 0.000110 0.000155 0.000123 0.000126 0.000118 0.000128 
145 0 0.000110 0.000155 0.000123 0.000126 0.000118 0.000128 
146 0 0.000110 0.000155 0.000123 0.000126 0.000118 0.000128 
147 1 0.000110 0.000155 0.000123 0.000126 0.000118 0.000128 
148 0 0.000110 0.000155 0.000123 0.000126 0.000118 0.000128 
149 0 0.000110 0.000155 0.000123 0.000126 0.000118 0.000128 
150 0 0.000110 0.000155 0.000123 0.000126 0.000118 0.000128 
151 0 0.000110 0.000155 0.000123 0.000126 0.000118 0.000128 
152 0 0.000110 0.000155 0.000123 0.000126 0.000118 0.000128 
153 0 0.000110 0.000155 0.000123 0.000126 0.000118 0.000128 
154 0 0.000110 0.000155 0.000123 0.000126 0.000118 0.000128 
155 1 0.000110 0.000155 0.000123 0.000126 0.000118 0.000128 
156 0 0.000110 0.000155 0.000123 0.000126 0.000118 0.000128 
157 0 0.000110 0.000155 0.000123 0.000126 0.000118 0.000128 
158 0 0.000110 0.000155 0.000123 0.000126 0.000118 0.000128 
159 0 0.000110 0.000155 0.000123 0.000126 0.000118 0.000128 
160 0 0.000110 0.000155 0.000123 0.000126 0.000118 0.000128 
161 0 0.000110 0.000155 0.000123 0.000126 0.000118 0.000128 
162 0 0.000110 0.000155 0.000123 0.000126 0.000118 0.000128 
163 0 0.000110 0.000155 0.000123 0.000126 0.000118 0.000128 
164 1 0.000110 0.000155 0.000123 0.000126 0.000118 0.000128 
165 0 0.000110 0.000155 0.000123 0.000126 0.000118 0.000128 
166 0 0.000110 0.000155 0.000123 0.000126 0.000118 0.000128 
167 1 0.000110 0.000155 0.000123 0.000126 0.000118 0.000128 
168 1 0.000109 0.000155 0.000123 0.000126 0.000118 0.000128 
169 1 0.000110 0.000155 0.000123 0.000126 0.000118 0.000128 
170 0 0.000110 0.000155 0.000123 0.000126 0.000118 0.000128 
171 0 0.000110 0.000155 0.000123 0.000126 0.000118 0.000128 
172 0 0.000110 0.000155 0.000123 0.000126 0.000118 0.000128 
173 0 0.000110 0.000155 0.000123 0.000126 0.000118 0.000128 
174 1 0.000110 0.000155 0.000123 0.000126 0.000118 0.000128 
175 0 0.000110 0.000155 0.000123 0.000126 0.000118 0.000128 
176 0 0.000110 0.000155 0.000123 0.000126 0.000118 0.000128 
177 1 0.000109 0.000155 0.000123 0.000126 0.000118 0.000128 
178 1 0.000110 0.000155 0.000123 0.000126 0.000118 0.000128 
179 0 0.000110 0.000155 0.000123 0.000126 0.000118 0.000128 
180 1 0.000110 0.000155 0.000123 0.000126 0.000118 0.000128 
181 0 0.000110 0.000155 0.000123 0.000126 0.000118 0.000128 
182 0 0.000110 0.000155 0.000123 0.000126 0.000118 0.000128 
183 1 0.000110 0.000155 0.000123 0.000126 0.000118 0.000128 
184 0 0.000110 0.000155 0.000123 0.000126 0.000118 0.000128 
185 0 0.000110 0.000155 0.000123 0.000126 0.000118 0.000128 
186 0 0.000110 0.000155 0.000123 0.000126 0.000118 0.000128 
187 0 0.000110 0.000155 0.000123 0.000126 0.000118 0.000128 
188 1 0.000110 0.000155 0.000123 0.000126 0.000118 0.000128 
189 0 0.000110 0.000155 0.000123 0.000126 0.000118 0.000128 
190 1 0.000110 0.000155 0.000123 0.000126 0.000118 0.000128 
191 1 0.000110 0.000155 0.000123 0.000126 0.000118 0.000128 
192 0 0.000110 0.000155 0.000123 0.000126 0.000118 0.000128 
193 0 0.000110 0.000155 0.000123 0.000126 0.000118 0.000128 
194 1 0.000110 0.000155 0.000123 0.000126 0.000118 0.000128 
195 0 0.000110 0.000155 0.000123 0.000126 0.000118 0.000128 
196 0 0.000110 0.000155 0.000123 0.000126 0.000118 0.000128 
197 0 0.000110 0.000155 0.000123 0.000126 0.000118 0.000128 
198 1 0.000110 0.000155 0.000123 0.000126 0.000118 0.000128 
199 0 0.000110 0.000155 0.000123 0.000126 0.000118 0.000128 
200 0 0.000110 0.000155 0.000123 0.000126 0.000118 0.000128 
201 0 0.000110 0.000155 0.000123 0.000126 0.000118 0.000128 
202 0 0.000110 0.000155 0.000123 0.000126 0.000118 0.000128 
203 0 0.000110 0.000155 0.000123 0.000126 0.000118 0.000128 
204 0 0.000110 0.000155 0.000123 0.000126 0.000118 0.000128 
205 0 0.000110 0.000155 0.000123 0.000126 0.000118 0.000128 
206 0 0.000110 0.000155 0.000123 0.000126 0.000118 0.000128 
207 0 0.000110 0.000155 0.000123 0.000126 0.000118 0.000128 
208 1 0.000110 0.000155 0.000123 0.000126 0.000118 0.000128 
209 0 0.000110 0.000155 0.000123 0.000126 0.000118 0.000128 
210 0 0.000110 0.000155 0.000123 0.000126 0.000118 0.000128 
211 0 0.000110 0.000155 0.000123 0.000126 0.000118 0.000128 
212 0 0.000110 0.000155 0.000123 0.000126 0.000118 0.000128 
213 1 0.000110 0.000155 0.000123 0.000126 0.000118 0.000128 
214 1 0.000110 0.000155 0.000123 0.000126 0.000118 0.000128 
215 0 0.000110 0.000155 0.000123 0.000126 0.000118 0.000128 
216 1 0.000110 0.000155 0.000123 0.000126 0.000118 0.000128 
217 0 0.000110 0.000155 0.000123 0.000126 0.000118 0.000128 
218 1 0.000110 0.000155 0.000123 0.000126 0.000118 0.000128 
219 0 0.000110 0.000155 0.000123 0.000126 0.000118 0.000128 
220 1 0.000110 0.000155 0.000123 0.000126 0.000118 0.000128 
221 1 0.000110 0.000155 0.000123 0.000126 0.000118 0.000128 
222 0 0.000110 0.000155 0.000123 0.000126 0.000118 0.000128 
223 0 0.000110 0.000155 0.000123 0.000126 0.000118 0.000128 
224 0 0.000110 0.000155 0.000123 0.000126 0.000118 0.000128 
225 0 0.000110 0.000155 0.000123 0.000126 0.000118 0.000128 
226 1 0.000110 0.000155 0.000123 0.000126 0.000118 0.000128 
227 0 0.000110 0.000155 0.000123 0.000126 0.000118 0.000128 
228 0 0.000110 0.000155 0.000123 0.000126 0.000118 0.000128 
229 0 0.000110 0.000155 0.000123 0.000126 0.000118 0.000128 
230 1 0.000110 0.000155 0.000123 0.000126 0.000118 0.000128 
231 0 0.000110 0.000155 0.000123 0.000126 0.000118 0.000128 
232 1 0.000110 0.000155 0.000123 0.000126 0.000118 0.000128 
233 0 0.000110 0.000155 0.000123 0.000126 0.000118 0.000128 
234 1 0.000110 0.000155 0.000123 0.000126 0.000118 0.000128 
235 0 0.000110 0.000155 0.000123 0.000126 0.000118 0.000128 
236 0 0.000110 0.000155 0.000123 0.000126 0.000118 0.000128 
237 0 0.000110 0.000155 0.000123 0.000126 0.000118 0.000128 
238 0 0.000110 0.000155 0.000123 0.000126 0.000118 0.000128 
239 0 0.000110 0.000155 0.000123 0.000126 0.000118 0.000128 
240 1 0.000110 0.000155 0.000123 0.000126 0.000118 0.000128 
241 0 0.000110 0.000155 0.000123 0.000126 0.000118 0.000128 
242 0 0.000110 0.000155 0.000123 0.000126 0.000118 0.000128 
243 0 0.000110 0.000155 0.000123 0.000126 0.000118 0.000128 
244 0 0.000110 0.000155 0.000123 0.000126 0.000118 0.000128 
245 0 0.000110 0.000155 0.000123 0.000126 0.000118 0.000128 
246 0 0.000110 0.000155 0.000123 0.000126 0.000118 0.000128 
247 1 0.000110 0.000155 0.000123 0.000126 0.000118 0.000128 
248 0 0.000110 0.000155 0.000123 0.000126 0.000118 0.000128 
249 0 0.000110 0.000155 0.000123 0.000126 0.000118 0.000128 
250 0 0.000110 0.000155 0.000123 0.000126 0.000118 0.000128 
251 0 0.000110 0.000155 0.000123 0.000126 0.000118 0.000128 
252 0 0.000110 0.000155 0.000123 0.000126 0.000118 0.000128 
253 1 0.000110 0.000155 0.000123 0.000126 0.000118 0.000128 
254 1 0.000110 0.000155 0.000123 0.000126 0.000118 0.000128 
255 0 0.000110 0.000155 0.000123 0.000126 0.000118 0.000128 
256 1 0.000110 0.000155 0.000123 0.000126 0.000118 0.000128 
257 0 0.000110 0.000155 0.000123 0.000126 0.000118 0.000128 
258 1 0.000110 0.000155 0.000123 0.000126 0.000118 0.000128 
259 1 0.000110 0.000155 0.000123 0.000126 0.000118 0.000128 
260 1 0.000110 0.000155 0.000123 0.000126 0.000118 0.000128 
261 0 0.000110 0.000155 0.000123 0.000126 0.000118 0.000128 
262 0 0.000110 0.000155 0.000123 0.000126 0.000118 0.000128 
263 0 0.000110 0.000155 0.000123 0.000126 0.000118 0.000128 
264 0 0.000110 0.000155 0.000123 0.000126 0.000118 0.000128 
265 0 0.000110 0.000155 0.000123 0.000126 0.000118 0.000128 
266 0 0.000110 0.000155 0.000123 0.000126 0.000118 0.000128 
267 0 0.000110 0.000155 0.000123 0.000126 0.000118 0.000128 
268 0 0.000110 0.000155 0.000123 0.000126 0.000118 0.000128 
269 0 0.000110 0.000155 0.000123 0.000126 0.000118 0.000128 
270 0 0.000110 0.000155 0.000123 0.000126 0.000118 0.000128 
271 0 0.000110 0.000155 0.000123 0.000126 0.000118 0.000128 
272 0 0.000110 0.000155 0.000123 0.000126 0.000118 0.000128 
273 1 0.000110 0.000155 0.000123 0.000126 0.000118 0.000128 
274 0 0.000110 0.000155 0.000123 0.000126 0.000118 0.000128 
275 0 0.000110 0.000155 0.000123 0.000126 0.000118 0.000128 
276 1 0.000110 0.000155 0.000123 0.000126 0.000118 0.000128 
277 0 0.000110 0.000155 0.000123 0.000126 0.000118 0.000128 
278 0 0.000110 0.000155 0.000123 0.000126 0.000118 0.000128 
279 0 0.000110 0.000155 0.000123 0.000126 0.000118 0.000128 
280 0 0.000110 0.000155 0.000123 0.000126 0.000118 0.000128 
281 0 0.000110 0.000155 0.000123 0.000126 0.000118 0.000128 
282 1 0.000110 0.000155 0.000123 0.000126 0.000118 0.000128 
283 0 0.000110 0.000155 0.000123 0.000126 0.000118 0.000128 
284 0 0.000110 0.000155 0.000123 0.000126 0.000118 0.000128 
285 0 0.000110 0.000155 0.000123 0.000126 0.000118 0.000128 
286 1 0.000110 0.000155 0.000123 0.000126 0.000118 0.000128 
287 1 0.000110 0.000155 0.000123 0.000126 0.000118 0.000128 
288 0 0.000110 0.000155 0.000123 0.000126 0.000118 0.000128 
289 0 0.000110 0.000155 0.000123 0.000126 0.000118 0.000128 
290 0 0.000110 0.000155 0.000123 0.000126 0.000118 0.000128 
291 0 0.000110 0.000155 0.000123 0.000126 0.000118 0.000128 
292 0 0.000110 0.000155 0.000123 0.000126 0.000118 0.000128 
293 0 0.000110 0.000155 0.000123 0.000126 0.000118 0.000128 
294 1 0.000110 0.000155 0.000123 0.000126 0.000118 0.000128 
295 1 0.000109 0.000155 0.000123 0.000126 0.000118 0.000128 
296 0 0.000110 0.000155 0.000123 0.000126 0.000118 0.000128 
297 0 0.000110 0.000155 0.000123 0.000126 0.000118 0.000128 
298 1 0.000110 0.000155 0.000123 0.000126 0.000118 0.000128 
