299 2 6 
0 0 0.000006 0.000002 0.000008 0.000005 0.000000 0.000006 
1 0 0.000006 0.000002 0.000008 0.000005 0.000000 0.000006 
2 0 0.000006 0.000002 0.000008 0.000005 0.000000 0.000006 
3 0 0.000006 0.000002 0.000008 0.000005 0.000000 0.000006 
4 0 0.000006 0.000002 0.000008 0.000005 0.000000 0.000006 
5 1 0.000006 0.000002 0.000008 0.000005 0.000000 0.000006 
6 0 0.000006 0.000002 0.000008 0.000005 0.000000 0.000006 
7 0 0.000006 0.000002 0.000008 0.000005 0.000000 0.000006 
8 0 0.000006 0.000002 0.000008 0.000005 0.000000 0.000006 
9 0 0.000006 0.000002 0.000008 0.000005 0.000000 0.000006 
10 0 0.000006 0.000002 0.000008 0.000005 0.000000 0.000006 
11 0 0.000006 0.000002 0.000008 0.000005 0.000000 0.000006 
12 1 0.000006 0.000002 0.000008 0.000005 0.000000 0.000006 
13 0 0.000006 0.000002 0.000008 0.000005 0.000000 0.000006 
14 0 0.000006 0.000002 0.000008 0.000005 0.000000 0.000006 
15 0 0.000006 0.000002 0.000008 0.000005 0.000000 0.000006 
16 0 0.000006 0.000002 0.000008 0.000005 0.000000 0.000006 
17 0 0.000006 0.000002 0.000008 0.000005 0.000000 0.000006 
18 0 0.000006 0.000002 0.000008 0.000005 0.000000 0.000006 
19 1 0.000006 0.000002 0.000008 0.000005 0.000000 0.000006 
20 1 0.000006 0.000002 0.000008 0.000005 0.000000 0.000006 
21 1 0.000006 0.000002 0.000008 0.000005 0.000000 0.000006 
22 1 0.000006 0.000002 0.000008 0.000005 0.000000 0.000006 
23 1 0.000006 0.000002 0.000008 0.000005 0.000000 0.000006 
24 0 0.000006 0.000002 0.000008 0.000005 0.000000 0.000006 
25 0 0.000006 0.000002 0.000008 0.000005 0.000000 0.000006 
26 0 0.000006 0.000002 0.000008 0.000005 0.000000 0.000006 
27 1 0.000006 0.000002 0.000008 0.000005 0.000000 0.000006 
28 0 0.000006 0.000002 0.000008 0.000005 0.000000 0.000006 
29 0 0.000006 0.000002 0.000008 0.000005 0.000000 0.000006 
30 0 0.000006 0.000002 0.000008 0.000005 0.000000 0.000006 
31 0 0.000006 0.000002 0.000008 0.000005 0.000000 0.000006 
32 0 0.000006 0.000002 0.000008 0.000005 0.000000 0.000006 
33 0 0.000006 0.000002 0.000008 0.000005 0.000000 0.000006 
34 1 0.000006 0.000002 0.000008 0.000005 0.000000 0.000006 
35 0 0.000006 0.000002 0.000008 0.000005 0.000000 0.000006 
36 0 0.000006 0.000002 0.000008 0.000005 0.000000 0.000006 
37 0 0.000006 0.000002 0.000008 0.000005 0.000000 0.000006 
38 0 0.000006 0.000002 0.000008 0.000005 0.000000 0.000006 
39 1 0.000006 0.000002 0.000008 0.000005 0.000000 0.000006 
40 0 0.000006 0.000002 0.000008 0.000005 0.000000 0.000006 
41 0 0.000006 0.000002 0.000008 0.000005 0.000000 0.000006 
42 1 0.000006 0.000002 0.000008 0.000005 0.000000 0.000006 
43 0 0.000006 0.000002 0.000008 0.000005 0.000000 0.000006 
44 0 0.000006 0.000002 0.000008 0.000005 0.000000 0.000006 
45 1 0.000006 0.000002 0.000008 0.000005 0.000000 0.000006 
46 1 0.000006 0.000002 0.000008 0.000005 0.000000 0.000006 
47 1 0.000006 0.000002 0.000008 0.000005 0.000000 0.000006 
48 0 0.000006 0.000002 0.000008 0.000005 0.000000 0.000006 
49 0 0.000006 0.000002 0.000008 0.000005 0.000000 0.000006 
50 0 0.000006 0.000002 0.000008 0.000005 0.000000 0.000006 
51 0 0.000006 0.000002 0.000008 0.000005 0.000000 0.000006 
52 0 0.000006 0.000002 0.000008 0.000005 0.000000 0.000006 
53 0 0.000006 0.000002 0.000008 0.000005 0.000000 0.000006 
54 0 0.000006 0.000002 0.000008 0.000005 0.000000 0.000006 
55 0 0.000006 0.000002 0.000008 0.000005 0.000000 0.000006 
56 0 0.000006 0.000002 0.000008 0.000005 0.000000 0.000006 
57 1 0.000006 0.000002 0.000008 0.000005 0.000000 0.000006 
58 0 0.000006 0.000002 0.000008 0.000005 0.000000 0.000006 
59 0 0.000006 0.000002 0.000008 0.000005 0.000000 0.000006 
60 1 0.000006 0.000002 0.000008 0.000005 0.000000 0.000006 
61 0 0.000006 0.000002 0.000008 0.000005 0.000000 0.000006 
62 1 0.000006 0.000002 0.000008 0.000005 0.000000 0.000006 
63 1 0.000006 0.000002 0.000008 0.000005 0.000000 0.000006 
64 0 0.000006 0.000002 0.000008 0.000005 0.000000 0.000006 
65 0 0.000006 0.000002 0.000008 0.000005 0.000000 0.000006 
66 0 0.000006 0.000002 0.000008 0.000005 0.000000 0.000006 
67 0 0.000006 0.000002 0.000008 0.000005 0.000000 0.000006 
68 0 0.000006 0.000002 0.000008 0.000005 0.000000 0.000006 
69 0 0.000006 0.000002 0.000008 0.000005 0.000000 0.000006 
70 0 0.000006 0.000002 0.000008 0.000005 0.000000 0.000006 
71 0 0.000006 0.000002 0.000008 0.000005 0.000000 0.000006 
72 0 0.000006 0.000002 0.000008 0.000005 0.000000 0.000006 
73 1 0.000006 0.000002 0.000008 0.000005 0.000000 0.000006 
74 1 0.000006 0.000002 0.000008 0.000005 0.000000 0.000006 
75 0 0.000006 0.000002 0.000008 0.000005 0.000000 0.000006 
76 0 0.000006 0.000002 0.000008 0.000005 0.000000 0.000006 
77 1 0.000006 0.000002 0.000008 0.000005 0.000000 0.000006 
78 1 0.000006 0.000002 0.000008 0.000005 0.000000 0.000006 
79 1 0.000006 0.000002 0.000008 0.000005 0.000000 0.000006 
80 0 0.000006 0.000002 0.000008 0.000005 0.000000 0.000006 
81 0 0.000006 0.000002 0.000008 0.000005 0.000000 0.000006 
82 1 0.000006 0.000002 0.000008 0.000005 0.000000 0.000006 
83 0 0.000006 0.000002 0.000008 0.000005 0.000000 0.000006 
84 0 0.000006 0.000002 0.000008 0.000005 0.000000 0.000006 
85 0 0.000006 0.000002 0.000008 0.000005 0.000000 0.000006 
86 1 0.000006 0.000002 0.000008 0.000005 0.000000 0.000006 
87 0 0.000006 0.000002 0.000008 0.000005 0.000000 0.000006 
88 0 0.000006 0.000002 0.000008 0.000005 0.000000 0.000006 
89 1 0.000006 0.000002 0.000008 0.000005 0.000000 0.000006 
90 0 0.000006 0.000002 0.000008 0.000005 0.000000 0.000006 
91 0 0.000006 0.000002 0.000008 0.000005 0.000000 0.000006 
92 0 0.000006 0.000002 0.000008 0.000005 0.000000 0.000006 
93 0 0.000006 0.000002 0.000008 0.000005 0.000000 0.000006 
94 1 0.000006 0.000002 0.000008 0.000005 0.000000 0.000006 
95 0 0.000006 0.000002 0.000008 0.000005 0.000000 0.000006 
96 0 0.000006 0.000002 0.000008 0.000005 0.000000 0.000006 
97 0 0.000006 0.000002 0.000008 0.000005 0.000000 0.000006 
98 0 0.000006 0.000002 0.000008 0.000005 0.000000 0.000006 
99 0 0.000006 0.000002 0.000008 0.000005 0.000000 0.000006 
100 0 0.000006 0.000002 0.000008 0.000005 0.000000 0.000006 
101 0 0.000006 0.000002 0.000008 0.000005 0.000000 0.000006 
102 1 0.000006 0.000002 0.000008 0.000005 0.000000 0.000006 
103 0 0.000006 0.000002 0.000008 0.000005 0.000000 0.000006 
104 0 0.000006 0.000002 0.000008 0.000005 0.000000 0.000006 
105 0 0.000006 0.000002 0.000008 0.000005 0.000000 0.000006 
106 1 0.000006 0.000002 0.000008 0.000005 0.000000 0.000006 
107 0 0.000006 0.000002 0.000008 0.000005 0.000000 0.000006 
108 0 0.000006 0.000002 0.000008 0.000005 0.000000 0.000006 
109 1 0.000006 0.000002 0.000008 0.000005 0.000000 0.000006 
110 0 0.000006 0.000002 0.000008 0.000005 0.000000 0.000006 
111 1 0.000006 0.000002 0.000008 0.000005 0.000000 0.000006 
112 0 0.000006 0.000002 0.000008 0.000005 0.000000 0.000006 
113 0 0.000006 0.000002 0.000008 0.000005 0.000000 0.000006 
114 0 0.000006 0.000002 0.000008 0.000005 0.000000 0.000006 
115 0 0.000006 0.000002 0.000008 0.000005 0.000000 0.000006 
116 0 0.000006 0.000002 0.000008 0.000005 0.000000 0.000006 
117 1 0.000006 0.000002 0.000008 0.000005 0.000000 0.000006 
118 0 0.000006 0.000002 0.000008 0.000005 0.000000 0.000006 
119 0 0.000006 0.000002 0.000008 0.000005 0.000000 0.000006 
120 0 0.000006 0.000002 0.000008 0.000005 0.000000 0.000006 
121 0 0.000006 0.000002 0.000008 0.000005 0.000000 0.000006 
122 0 0.000006 0.000002 0.000008 0.000005 0.000000 0.000006 
123 0 0.000006 0.000002 0.000008 0.000005 0.000000 0.000006 
124 0 0.000006 0.000002 0.000008 0.000005 0.000000 0.000006 
125 0 0.000006 0.000002 0.000008 0.000005 0.000000 0.000006 
126 0 0.000006 0.000002 0.000008 0.000005 0.000000 0.000006 
127 0 0.000006 0.000002 0.000008 0.000005 0.000000 0.000006 
128 0 0.000006 0.000002 0.000008 0.000005 0.000000 0.000006 
129 0 0.000006 0.000002 0.000008 0.000005 0.000000 0.000006 
130 0 0.000006 0.000002 0.000008 0.000005 0.000000 0.000006 
131 0 0.000006 0.000002 0.000008 0.000005 0.000000 0.000006 
132 0 0.000006 0.000002 0.000008 0.000005 0.000000 0.000006 
133 0 0.000006 0.000002 0.000008 0.000005 0.000000 0.000006 
134 0 0.000006 0.000002 0.000008 0.000005 0.000000 0.000006 
135 0 0.000006 0.000002 0.000008 0.000005 0.000000 0.000006 
136 0 0.000006 0.000002 0.000008 0.000005 0.000000 0.000006 
137 0 0.000006 0.000002 0.000008 0.000005 0.000000 0.000006 
138 0 0.000006 0.000002 0.000008 0.000005 0.000000 0.000006 
139 1 0.000006 0.000002 0.000008 0.000005 0.000000 0.000006 
140 0 0.000006 0.000002 0.000008 0.000005 0.000000 0.000006 
141 0 0.000006 0.000002 0.000008 0.000005 0.000000 0.000006 
142 0 0.000006 0.000002 0.000008 0.000005 0.000000 0.000006 
143 0 0.000006 0.000002 0.000008 0.000005 0.000000 0.000006 
144 0 0.000006 0.000002 0.000008 0.000005 0.000000 0.000006 
145 0 0.000006 0.000002 0.000008 0.000005 0.000000 0.000006 
146 0 0.000006 0.000002 0.000008 0.000005 0.000000 0.000006 
147 0 0.000006 0.000002 0.000008 0.000005 0.000000 0.000006 
148 1 0.000006 0.000002 0.000008 0.000005 0.000000 0.000006 
149 0 0.000006 0.000002 0.000008 0.000005 0.000000 0.000006 
150 1 0.000006 0.000002 0.000008 0.000005 0.000000 0.000006 
151 0 0.000006 0.000002 0.000008 0.000005 0.000000 0.000006 
152 0 0.000006 0.000002 0.000008 0.000005 0.000000 0.000006 
153 1 0.000006 0.000002 0.000008 0.000005 0.000000 0.000006 
154 0 0.000006 0.000002 0.000008 0.000005 0.000000 0.000006 
155 0 0.000006 0.000002 0.000008 0.000005 0.000000 0.000006 
156 1 0.000006 0.000002 0.000008 0.000005 0.000000 0.000006 
157 1 0.000006 0.000002 0.000008 0.000005 0.000000 0.000006 
158 0 0.000006 0.000002 0.000008 0.000005 0.000000 0.000006 
159 0 0.000006 0.000002 0.000008 0.000005 0.000000 0.000006 
160 0 0.000006 0.000002 0.000008 0.000005 0.000000 0.000006 
161 0 0.000006 0.000002 0.000008 0.000005 0.000000 0.000006 
162 0 0.000006 0.000002 0.000008 0.000005 0.000000 0.000006 
163 0 0.000006 0.000002 0.000008 0.000005 0.000000 0.000006 
164 0 0.000006 0.000002 0.000008 0.000005 0.000000 0.000006 
165 0 0.000006 0.000002 0.000008 0.000005 0.000000 0.000006 
166 1 0.000006 0.000002 0.000008 0.000005 0.000000 0.000006 
167 0 0.000006 0.000002 0.000008 0.000005 0.000000 0.000006 
168 1 0.000006 0.000002 0.000008 0.000005 0.000000 0.000006 
169 0 0.000006 0.000002 0.000008 0.000005 0.000000 0.000006 
170 0 0.000006 0.000002 0.000008 0.000005 0.000000 0.000006 
171 1 0.000006 0.000002 0.000008 0.000005 0.000000 0.000006 
172 0 0.000006 0.000002 0.000008 0.000005 0.000000 0.000006 
173 0 0.000006 0.000002 0.000008 0.000005 0.000000 0.000006 
174 0 0.000006 0.000002 0.000008 0.000005 0.000000 0.000006 
175 0 0.000006 0.000002 0.000008 0.000005 0.000000 0.000006 
176 0 0.000006 0.000002 0.000008 0.000005 0.000000 0.000006 
177 0 0.000006 0.000002 0.000008 0.000005 0.000000 0.000006 
178 1 0.000006 0.000002 0.000008 0.000005 0.000000 0.000006 
179 1 0.000006 0.000002 0.000008 0.000005 0.000000 0.000006 
180 0 0.000006 0.000002 0.000008 0.000005 0.000000 0.000006 
181 0 0.000006 0.000002 0.000008 0.000005 0.000000 0.000006 
182 1 0.000006 0.000002 0.000008 0.000005 0.000000 0.000006 
183 1 0.000006 0.000002 0.000008 0.000005 0.000000 0.000006 
184 1 0.000006 0.000002 0.000008 0.000005 0.000000 0.000006 
185 0 0.000006 0.000002 0.000008 0.000005 0.000000 0.000006 
186 0 0.000006 0.000002 0.000008 0.000005 0.000000 0.000006 
187 0 0.000006 0.000002 0.000008 0.000005 0.000000 0.000006 
188 1 0.000006 0.000002 0.000008 0.000005 0.000000 0.000006 
189 1 0.000006 0.000002 0.000008 0.000005 0.000000 0.000006 
190 0 0.000006 0.000002 0.000008 0.000005 0.000000 0.000006 
191 0 0.000006 0.000002 0.000008 0.000005 0.000000 0.000006 
192 0 0.000006 0.000002 0.000008 0.000005 0.000000 0.000006 
193 0 0.000006 0.000002 0.000008 0.000005 0.000000 0.000006 
194 0 0.000006 0.000002 0.000008 0.000005 0.000000 0.000006 
195 1 0.000006 0.000002 0.000008 0.000005 0.000000 0.000006 
196 1 0.000006 0.000002 0.000008 0.000005 0.000000 0.000006 
197 0 0.000006 0.000002 0.000008 0.000005 0.000000 0.000006 
198 0 0.000006 0.000002 0.000008 0.000005 0.000000 0.000006 
199 0 0.000006 0.000002 0.000008 0.000005 0.000000 0.000006 
200 0 0.000006 0.000002 0.000008 0.000005 0.000000 0.000006 
201 1 0.000006 0.000002 0.000008 0.000005 0.000000 0.000006 
202 0 0.000006 0.000002 0.000008 0.000005 0.000000 0.000006 
203 1 0.000006 0.000002 0.000008 0.000005 0.000000 0.000006 
204 1 0.000006 0.000002 0.000008 0.000005 0.000000 0.000006 
205 1 0.000006 0.000002 0.000008 0.000005 0.000000 0.000006 
206 0 0.000006 0.000002 0.000008 0.000005 0.000000 0.000006 
207 1 0.000006 0.000002 0.000008 0.000005 0.000000 0.000006 
208 1 0.000006 0.000002 0.000008 0.000005 0.000000 0.000006 
209 1 0.000006 0.000002 0.000008 0.000005 0.000000 0.000006 
210 0 0.000006 0.000002 0.000008 0.000005 0.000000 0.000006 
211 1 0.000006 0.000002 0.000008 0.000005 0.000000 0.000006 
212 0 0.000006 0.000002 0.000008 0.000005 0.000000 0.000006 
213 1 0.000006 0.000002 0.000008 0.000005 0.000000 0.000006 
214 0 0.000006 0.000002 0.000008 0.000005 0.000000 0.000006 
215 0 0.000006 0.000002 0.000008 0.000005 0.000000 0.000006 
216 1 0.000006 0.000002 0.000008 0.000005 0.000000 0.000006 
217 1 0.000006 0.000002 0.000008 0.000005 0.000000 0.000006 
218 1 0.000006 0.000002 0.000008 0.000005 0.000000 0.000006 
219 1 0.000006 0.000002 0.000008 0.000005 0.000000 0.000006 
220 1 0.000006 0.000002 0.000008 0.000005 0.000000 0.000006 
221 1 0.000006 0.000002 0.000008 0.000005 0.000000 0.000006 
222 0 0.000006 0.000002 0.000008 0.000005 0.000000 0.000006 
223 0 0.000006 0.000002 0.000008 0.000005 0.000000 0.000006 
224 1 0.000006 0.000002 0.000008 0.000005 0.000000 0.000006 
225 1 0.000006 0.000002 0.000008 0.000005 0.000000 0.000006 
226 0 0.000006 0.000002 0.000008 0.000005 0.000000 0.000006 
227 0 0.000006 0.000002 0.000008 0.000005 0.000000 0.000006 
228 0 0.000006 0.000002 0.000008 0.000005 0.000000 0.000006 
229 0 0.000006 0.000002 0.000008 0.000005 0.000000 0.000006 
230 0 0.000006 0.000002 0.000008 0.000005 0.000000 0.000006 
231 0 0.000006 0.000002 0.000008 0.000005 0.000000 0.000006 
232 0 0.000006 0.000002 0.000008 0.000005 0.000000 0.000006 
233 0 0.000006 0.000002 0.000008 0.000005 0.000000 0.000006 
234 0 0.000006 0.000002 0.000008 0.000005 0.000000 0.000006 
235 0 0.000006 0.000002 0.000008 0.000005 0.000000 0.000006 
236 1 0.000006 0.000002 0.000008 0.000005 0.000000 0.000006 
237 0 0.000006 0.000002 0.000008 0.000005 0.000000 0.000006 
238 0 0.000006 0.000002 0.000008 0.000005 0.000000 0.000006 
239 0 0.000006 0.000002 0.000008 0.000005 0.000000 0.000006 
240 0 0.000006 0.000002 0.000008 0.000005 0.000000 0.000006 
241 0 0.000006 0.000002 0.000008 0.000005 0.000000 0.000006 
242 0 0.000006 0.000002 0.000008 0.000005 0.000000 0.000006 
243 1 0.000006 0.000002 0.000008 0.000005 0.000000 0.000006 
244 1 0.000006 0.000002 0.000008 0.000005 0.000000 0.000006 
245 0 0.000006 0.000002 0.000008 0.000005 0.000000 0.000006 
246 0 0.000006 0.000002 0.000008 0.000005 0.000000 0.000006 
247 0 0.000006 0.000002 0.000008 0.000005 0.000000 0.000006 
248 1 0.000006 0.000002 0.000008 0.000005 0.000000 0.000006 
249 0 0.000006 0.000002 0.000008 0.000005 0.000000 0.000006 
250 0 0.000006 0.000002 0.000008 0.000005 0.000000 0.000006 
251 0 0.000006 0.000002 0.000008 0.000005 0.000000 0.000006 
252 1 0.000006 0.000002 0.000008 0.000005 0.000000 0.000006 
253 0 0.000006 0.000002 0.000008 0.000005 0.000000 0.000006 
254 1 0.000006 0.000002 0.000008 0.000005 0.000000 0.000006 
255 0 0.000006 0.000002 0.000008 0.000005 0.000000 0.000006 
256 0 0.000006 0.000002 0.000008 0.000005 0.000000 0.000006 
257 1 0.000006 0.000002 0.000008 0.000005 0.000000 0.000006 
258 1 0.000006 0.000002 0.000008 0.000005 0.000000 0.000006 
259 1 0.000006 0.000002 0.000008 0.000005 0.000000 0.000006 
260 1 0.000006 0.000002 0.000008 0.000005 0.000000 0.000006 
261 1 0.000006 0.000002 0.000008 0.000005 0.000000 0.000006 
262 0 0.000006 0.000002 0.000008 0.000005 0.000000 0.000006 
263 0 0.000006 0.000002 0.000008 0.000005 0.000000 0.000006 
264 0 0.000006 0.000002 0.000008 0.000005 0.000000 0.000006 
265 0 0.000006 0.000002 0.000008 0.000005 0.000000 0.000006 
266 0 0.000006 0.000002 0.000008 0.000005 0.000000 0.000006 
267 0 0.000006 0.000002 0.000008 0.000005 0.000000 0.000006 
268 0 0.000006 0.000002 0.000008 0.000005 0.000000 0.000006 
269 0 0.000006 0.000002 0.000008 0.000005 0.000000 0.000006 
270 0 0.000006 0.000002 0.000008 0.000005 0.000000 0.000006 
271 1 0.000006 0.000002 0.000008 0.000005 0.000000 0.000006 
272 0 0.000006 0.000002 0.000008 0.000005 0.000000 0.000006 
273 1 0.000006 0.000002 0.000008 0.000005 0.000000 0.000006 
274 0 0.000006 0.000002 0.000008 0.000005 0.000000 0.000006 
275 0 0.000006 0.000002 0.000008 0.000005 0.000000 0.000006 
276 0 0.000006 0.000002 0.000008 0.000005 0.000000 0.000006 
277 1 0.000006 0.000002 0.000008 0.000005 0.000000 0.000006 
278 0 0.000006 0.000002 0.000008 0.000005 0.000000 0.000006 
279 0 0.000006 0.000002 0.000008 0.000005 0.000000 0.000006 
280 1 0.000006 0.000002 0.000008 0.000005 0.000000 0.000006 
281 0 0.000006 0.000002 0.000008 0.000005 0.000000 0.000006 
282 0 0.000006 0.000002 0.000008 0.000005 0.000000 0.000006 
283 0 0.000006 0.000002 0.000008 0.000005 0.000000 0.000006 
284 1 0.000006 0.000002 0.000008 0.000005 0.000000 0.000006 
285 0 0.000006 0.000002 0.000008 0.000005 0.000000 0.000006 
286 1 0.000006 0.000002 0.000008 0.000005 0.000000 0.000006 
287 0 0.000006 0.000002 0.000008 0.000005 0.000000 0.000006 
288 0 0.000006 0.000002 0.000008 0.000005 0.000000 0.000006 
289 0 0.000006 0.000002 0.000008 0.000005 0.000000 0.000006 
290 0 0.000006 0.000002 0.000008 0.000005 0.000000 0.000006 
291 0 0.000006 0.000002 0.000008 0.000005 0.000000 0.000006 
292 0 0.000006 0.000002 0.000008 0.000005 0.000000 0.000006 
293 1 0.000006 0.000002 0.000008 0.000005 0.000000 0.000006 
294 0 0.000006 0.000002 0.000008 0.000005 0.000000 0.000006 
295 1 0.000006 0.000002 0.000008 0.000005 0.000000 0.000006 
296 0 0.000006 0.000002 0.000008 0.000005 0.000000 0.000006 
297 0 0.000006 0.000002 0.000008 0.000005 0.000000 0.000006 
298 0 0.000006 0.000002 0.000008 0.000005 0.000000 0.000006 
