299 2 10 
0 1 0.000006 0.000004 0.000005 0.000004 0.000005 0.000007 0.000004 0.000005 0.000003 0.000003 
1 1 0.000006 0.000004 0.000005 0.000004 0.000005 0.000007 0.000004 0.000005 0.000003 0.000003 
2 0 0.000006 0.000004 0.000005 0.000004 0.000005 0.000007 0.000004 0.000005 0.000003 0.000003 
3 0 0.000006 0.000004 0.000005 0.000004 0.000005 0.000007 0.000004 0.000005 0.000003 0.000003 
4 1 0.000006 0.000004 0.000005 0.000004 0.000005 0.000007 0.000004 0.000005 0.000003 0.000003 
5 0 0.000006 0.000004 0.000005 0.000004 0.000005 0.000007 0.000004 0.000005 0.000003 0.000003 
6 1 0.000006 0.000004 0.000005 0.000004 0.000005 0.000007 0.000004 0.000005 0.000003 0.000003 
7 0 0.000006 0.000004 0.000005 0.000004 0.000005 0.000007 0.000004 0.000005 0.000003 0.000003 
8 0 0.000006 0.000004 0.000005 0.000004 0.000005 0.000007 0.000004 0.000005 0.000003 0.000003 
9 0 0.000006 0.000004 0.000005 0.000004 0.000005 0.000007 0.000004 0.000005 0.000003 0.000003 
10 0 0.000006 0.000004 0.000005 0.000004 0.000005 0.000007 0.000004 0.000005 0.000003 0.000003 
11 0 0.000006 0.000004 0.000005 0.000004 0.000005 0.000007 0.000004 0.000005 0.000003 0.000003 
12 0 0.000006 0.000004 0.000005 0.000004 0.000005 0.000007 0.000004 0.000005 0.000003 0.000003 
13 0 0.000006 0.000004 0.000005 0.000004 0.000005 0.000007 0.000004 0.000005 0.000003 0.000003 
14 0 0.000006 0.000004 0.000005 0.000004 0.000005 0.000007 0.000004 0.000005 0.000003 0.000003 
15 0 0.000006 0.000004 0.000005 0.000004 0.000005 0.000007 0.000004 0.000005 0.000003 0.000003 
16 1 0.000006 0.000004 0.000005 0.000004 0.000005 0.000007 0.000004 0.000005 0.000003 0.000003 
17 1 0.000006 0.000004 0.000005 0.000004 0.000005 0.000007 0.000004 0.000005 0.000003 0.000003 
18 0 0.000006 0.000004 0.000005 0.000004 0.000005 0.000007 0.000004 0.000005 0.000003 0.000003 
19 0 0.000006 0.000004 0.000005 0.000004 0.000005 0.000007 0.000004 0.000005 0.000003 0.000003 
20 0 0.000006 0.000004 0.000005 0.000004 0.000005 0.000007 0.000004 0.000005 0.000003 0.000003 
21 0 0.000006 0.000004 0.000005 0.000004 0.000005 0.000007 0.000004 0.000005 0.000003 0.000003 
22 1 0.000006 0.000004 0.000005 0.000004 0.000005 0.000007 0.000004 0.000005 0.000003 0.000003 
23 1 0.000006 0.000004 0.000005 0.000004 0.000005 0.000007 0.000004 0.000005 0.000003 0.000003 
24 1 0.000006 0.000004 0.000005 0.000004 0.000005 0.000007 0.000004 0.000005 0.000003 0.000003 
25 0 0.000006 0.000004 0.000005 0.000004 0.000005 0.000007 0.000004 0.000005 0.000003 0.000003 
26 0 0.000006 0.000004 0.000005 0.000004 0.000005 0.000007 0.000004 0.000005 0.000003 0.000003 
27 0 0.000006 0.000004 0.000005 0.000004 0.000005 0.000007 0.000004 0.000005 0.000003 0.000003 
28 1 0.000006 0.000004 0.000005 0.000004 0.000005 0.000007 0.000004 0.000005 0.000003 0.000003 
29 0 0.000006 0.000004 0.000005 0.000004 0.000005 0.000007 0.000004 0.000005 0.000003 0.000003 
30 0 0.000006 0.000004 0.000005 0.000004 0.000005 0.000007 0.000004 0.000005 0.000003 0.000003 
31 0 0.000006 0.000004 0.000005 0.000004 0.000005 0.000007 0.000004 0.000005 0.000003 0.000003 
32 0 0.000006 0.000004 0.000005 0.000004 0.000005 0.000007 0.000004 0.000005 0.000003 0.000003 
33 0 0.000006 0.000004 0.000005 0.000004 0.000005 0.000007 0.000004 0.000005 0.000003 0.000003 
34 0 0.000006 0.000004 0.000005 0.000004 0.000005 0.000007 0.000004 0.000005 0.000003 0.000003 
35 1 0.000006 0.000004 0.000005 0.000004 0.000005 0.000007 0.000004 0.000005 0.000003 0.000003 
36 0 0.000006 0.000004 0.000005 0.000004 0.000005 0.000007 0.000004 0.000005 0.000003 0.000003 
37 1 0.000006 0.000004 0.000005 0.000004 0.000005 0.000007 0.000004 0.000005 0.000003 0.000003 
38 1 0.000006 0.000004 0.000005 0.000004 0.000005 0.000007 0.000004 0.000005 0.000003 0.000003 
39 1 0.000006 0.000004 0.000005 0.000004 0.000005 0.000007 0.000004 0.000005 0.000003 0.000003 
40 0 0.000006 0.000004 0.000005 0.000004 0.000005 0.000007 0.000004 0.000005 0.000003 0.000003 
41 0 0.000006 0.000004 0.000005 0.000004 0.000005 0.000007 0.000004 0.000005 0.000003 0.000003 
42 0 0.000006 0.000004 0.000005 0.000004 0.000005 0.000007 0.000004 0.000005 0.000003 0.000003 
43 1 0.000006 0.000004 0.000005 0.000004 0.000005 0.000007 0.000004 0.000005 0.000003 0.000003 
44 0 0.000006 0.000004 0.000005 0.000004 0.000005 0.000007 0.000004 0.000005 0.000003 0.000003 
45 0 0.000006 0.000004 0.000005 0.000004 0.000005 0.000007 0.000004 0.000005 0.000003 0.000003 
46 0 0.000006 0.000004 0.000005 0.000004 0.000005 0.000007 0.000004 0.000005 0.000003 0.000003 
47 0 0.000006 0.000004 0.000005 0.000004 0.000005 0.000007 0.000004 0.000005 0.000003 0.000003 
48 0 0.000006 0.000004 0.000005 0.000004 0.000005 0.000007 0.000004 0.000005 0.000003 0.000003 
49 0 0.000006 0.000004 0.000005 0.000004 0.000005 0.000007 0.000004 0.000005 0.000003 0.000003 
50 0 0.000006 0.000004 0.000005 0.000004 0.000005 0.000007 0.000004 0.000005 0.000003 0.000003 
51 1 0.000006 0.000004 0.000005 0.000004 0.000005 0.000007 0.000004 0.000005 0.000003 0.000003 
52 0 0.000006 0.000004 0.000005 0.000004 0.000005 0.000007 0.000004 0.000005 0.000003 0.000003 
53 1 0.000006 0.000004 0.000005 0.000004 0.000005 0.000007 0.000004 0.000005 0.000003 0.000003 
54 0 0.000006 0.000004 0.000005 0.000004 0.000005 0.000007 0.000004 0.000005 0.000003 0.000003 
55 0 0.000006 0.000004 0.000005 0.000004 0.000005 0.000007 0.000004 0.000005 0.000003 0.000003 
56 1 0.000006 0.000004 0.000005 0.000004 0.000005 0.000007 0.000004 0.000005 0.000003 0.000003 
57 0 0.000006 0.000004 0.000005 0.000004 0.000005 0.000007 0.000004 0.000005 0.000003 0.000003 
58 1 0.000006 0.000004 0.000005 0.000004 0.000005 0.000007 0.000004 0.000005 0.000003 0.000003 
59 0 0.000006 0.000004 0.000005 0.000004 0.000005 0.000007 0.000004 0.000005 0.000003 0.000003 
60 0 0.000006 0.000004 0.000005 0.000004 0.000005 0.000007 0.000004 0.000005 0.000003 0.000003 
61 0 0.000006 0.000004 0.000005 0.000004 0.000005 0.000007 0.000004 0.000005 0.000003 0.000003 
62 1 0.000006 0.000004 0.000005 0.000004 0.000005 0.000007 0.000004 0.000005 0.000003 0.000003 
63 1 0.000006 0.000004 0.000005 0.000004 0.000005 0.000007 0.000004 0.000005 0.000003 0.000003 
64 0 0.000006 0.000004 0.000005 0.000004 0.000005 0.000007 0.000004 0.000005 0.000003 0.000003 
65 0 0.000006 0.000004 0.000005 0.000004 0.000005 0.000007 0.000004 0.000005 0.000003 0.000003 
66 0 0.000006 0.000004 0.000005 0.000004 0.000005 0.000007 0.000004 0.000005 0.000003 0.000003 
67 0 0.000006 0.000004 0.000005 0.000004 0.000005 0.000007 0.000004 0.000005 0.000003 0.000003 
68 0 0.000006 0.000004 0.000005 0.000004 0.000005 0.000007 0.000004 0.000005 0.000003 0.000003 
69 0 0.000006 0.000004 0.000005 0.000004 0.000005 0.000007 0.000004 0.000005 0.000003 0.000003 
70 1 0.000006 0.000004 0.000005 0.000004 0.000005 0.000007 0.000004 0.000005 0.000003 0.000003 
71 0 0.000006 0.000004 0.000005 0.000004 0.000005 0.000007 0.000004 0.000005 0.000003 0.000003 
72 0 0.000006 0.000004 0.000005 0.000004 0.000005 0.000007 0.000004 0.000005 0.000003 0.000003 
73 1 0.000006 0.000004 0.000005 0.000004 0.000005 0.000007 0.000004 0.000005 0.000003 0.000003 
74 0 0.000006 0.000004 0.000005 0.000004 0.000005 0.000007 0.000004 0.000005 0.000003 0.000003 
75 0 0.000006 0.000004 0.000005 0.000004 0.000005 0.000007 0.000004 0.000005 0.000003 0.000003 
76 0 0.000006 0.000004 0.000005 0.000004 0.000005 0.000007 0.000004 0.000005 0.000003 0.000003 
77 0 0.000006 0.000004 0.000005 0.000004 0.000005 0.000007 0.000004 0.000005 0.000003 0.000003 
78 0 0.000006 0.000004 0.000005 0.000004 0.000005 0.000007 0.000004 0.000005 0.000003 0.000003 
79 0 0.000006 0.000004 0.000005 0.000004 0.000005 0.000007 0.000004 0.000005 0.000003 0.000003 
80 1 0.000006 0.000004 0.000005 0.000004 0.000005 0.000007 0.000004 0.000005 0.000003 0.000003 
81 1 0.000006 0.000004 0.000005 0.000004 0.000005 0.000007 0.000004 0.000005 0.000003 0.000003 
82 0 0.000006 0.000004 0.000005 0.000004 0.000005 0.000007 0.000004 0.000005 0.000003 0.000003 
83 0 0.000006 0.000004 0.000005 0.000004 0.000005 0.000007 0.000004 0.000005 0.000003 0.000003 
84 0 0.000006 0.000004 0.000005 0.000004 0.000005 0.000007 0.000004 0.000005 0.000003 0.000003 
85 1 0.000006 0.000004 0.000005 0.000004 0.000005 0.000007 0.000004 0.000005 0.000003 0.000003 
86 0 0.000006 0.000004 0.000005 0.000004 0.000005 0.000007 0.000004 0.000005 0.000003 0.000003 
87 1 0.000006 0.000004 0.000005 0.000004 0.000005 0.000007 0.000004 0.000005 0.000003 0.000003 
88 1 0.000006 0.000004 0.000005 0.000004 0.000005 0.000007 0.000004 0.000005 0.000003 0.000003 
89 1 0.000006 0.000004 0.000005 0.000004 0.000005 0.000007 0.000004 0.000005 0.000003 0.000003 
90 1 0.000006 0.000004 0.000005 0.000004 0.000005 0.000007 0.000004 0.000005 0.000003 0.000003 
91 0 0.000006 0.000004 0.000005 0.000004 0.000005 0.000007 0.000004 0.000005 0.000003 0.000003 
92 1 0.000006 0.000004 0.000005 0.000004 0.000005 0.000007 0.000004 0.000005 0.000003 0.000003 
93 0 0.000006 0.000004 0.000005 0.000004 0.000005 0.000007 0.000004 0.000005 0.000003 0.000003 
94 1 0.000006 0.000004 0.000005 0.000004 0.000005 0.000007 0.000004 0.000005 0.000003 0.000003 
95 1 0.000006 0.000004 0.000005 0.000004 0.000005 0.000007 0.000004 0.000005 0.000003 0.000003 
96 0 0.000006 0.000004 0.000005 0.000004 0.000005 0.000007 0.000004 0.000005 0.000003 0.000003 
97 0 0.000006 0.000004 0.000005 0.000004 0.000005 0.000007 0.000004 0.000005 0.000003 0.000003 
98 0 0.000006 0.000004 0.000005 0.000004 0.000005 0.000007 0.000004 0.000005 0.000003 0.000003 
99 1 0.000006 0.000004 0.000005 0.000004 0.000005 0.000007 0.000004 0.000005 0.000003 0.000003 
100 1 0.000006 0.000004 0.000005 0.000004 0.000005 0.000007 0.000004 0.000005 0.000003 0.000003 
101 0 0.000006 0.000004 0.000005 0.000004 0.000005 0.000007 0.000004 0.000005 0.000003 0.000003 
102 0 0.000006 0.000004 0.000005 0.000004 0.000005 0.000007 0.000004 0.000005 0.000003 0.000003 
103 1 0.000006 0.000004 0.000005 0.000004 0.000005 0.000007 0.000004 0.000005 0.000003 0.000003 
104 0 0.000006 0.000004 0.000005 0.000004 0.000005 0.000007 0.000004 0.000005 0.000003 0.000003 
105 0 0.000006 0.000004 0.000005 0.000004 0.000005 0.000007 0.000004 0.000005 0.000003 0.000003 
106 0 0.000006 0.000004 0.000005 0.000004 0.000005 0.000007 0.000004 0.000005 0.000003 0.000003 
107 0 0.000006 0.000004 0.000005 0.000004 0.000005 0.000007 0.000004 0.000005 0.000003 0.000003 
108 1 0.000006 0.000004 0.000005 0.000004 0.000005 0.000007 0.000004 0.000005 0.000003 0.000003 
109 1 0.000006 0.000004 0.000005 0.000004 0.000005 0.000007 0.000004 0.000005 0.000003 0.000003 
110 0 0.000006 0.000004 0.000005 0.000004 0.000005 0.000007 0.000004 0.000005 0.000003 0.000003 
111 0 0.000006 0.000004 0.000005 0.000004 0.000005 0.000007 0.000004 0.000005 0.000003 0.000003 
112 0 0.000006 0.000004 0.000005 0.000004 0.000005 0.000007 0.000004 0.000005 0.000003 0.000003 
113 0 0.000006 0.000004 0.000005 0.000004 0.000005 0.000007 0.000004 0.000005 0.000003 0.000003 
114 0 0.000006 0.000004 0.000005 0.000004 0.000005 0.000007 0.000004 0.000005 0.000003 0.000003 
115 0 0.000006 0.000004 0.000005 0.000004 0.000005 0.000007 0.000004 0.000005 0.000003 0.000003 
116 0 0.000006 0.000004 0.000005 0.000004 0.000005 0.000007 0.000004 0.000005 0.000003 0.000003 
117 1 0.000006 0.000004 0.000005 0.000004 0.000005 0.000007 0.000004 0.000005 0.000003 0.000003 
118 0 0.000006 0.000004 0.000005 0.000004 0.000005 0.000007 0.000004 0.000005 0.000003 0.000003 
119 0 0.000006 0.000004 0.000005 0.000004 0.000005 0.000007 0.000004 0.000005 0.000003 0.000003 
120 0 0.000006 0.000004 0.000005 0.000004 0.000005 0.000007 0.000004 0.000005 0.000003 0.000003 
121 0 0.000006 0.000004 0.000005 0.000004 0.000005 0.000007 0.000004 0.000005 0.000003 0.000003 
122 1 0.000006 0.000004 0.000005 0.000004 0.000005 0.000007 0.000004 0.000005 0.000003 0.000003 
123 1 0.000006 0.000004 0.000005 0.000004 0.000005 0.000007 0.000004 0.000005 0.000003 0.000003 
124 0 0.000006 0.000004 0.000005 0.000004 0.000005 0.000007 0.000004 0.000005 0.000003 0.000003 
125 0 0.000006 0.000004 0.000005 0.000004 0.000005 0.000007 0.000004 0.000005 0.000003 0.000003 
126 1 0.000006 0.000004 0.000005 0.000004 0.000005 0.000007 0.000004 0.000005 0.000003 0.000003 
127 0 0.000006 0.000004 0.000005 0.000004 0.000005 0.000007 0.000004 0.000005 0.000003 0.000003 
128 0 0.000006 0.000004 0.000005 0.000004 0.000005 0.000007 0.000004 0.000005 0.000003 0.000003 
129 0 0.000006 0.000004 0.000005 0.000004 0.000005 0.000007 0.000004 0.000005 0.000003 0.000003 
130 0 0.000006 0.000004 0.000005 0.000004 0.000005 0.000007 0.000004 0.000005 0.000003 0.000003 
131 1 0.000006 0.000004 0.000005 0.000004 0.000005 0.000007 0.000004 0.000005 0.000003 0.000003 
132 0 0.000006 0.000004 0.000005 0.000004 0.000005 0.000007 0.000004 0.000005 0.000003 0.000003 
133 0 0.000006 0.000004 0.000005 0.000004 0.000005 0.000007 0.000004 0.000005 0.000003 0.000003 
134 0 0.000006 0.000004 0.000005 0.000004 0.000005 0.000007 0.000004 0.000005 0.000003 0.000003 
135 1 0.000006 0.000004 0.000005 0.000004 0.000005 0.000007 0.000004 0.000005 0.000003 0.000003 
136 1 0.000006 0.000004 0.000005 0.000004 0.000005 0.000007 0.000004 0.000005 0.000003 0.000003 
137 1 0.000006 0.000004 0.000005 0.000004 0.000005 0.000007 0.000004 0.000005 0.000003 0.000003 
138 1 0.000006 0.000004 0.000005 0.000004 0.000005 0.000007 0.000004 0.000005 0.000003 0.000003 
139 0 0.000006 0.000004 0.000005 0.000004 0.000005 0.000007 0.000004 0.000005 0.000003 0.000003 
140 0 0.000006 0.000004 0.000005 0.000004 0.000005 0.000007 0.000004 0.000005 0.000003 0.000003 
141 1 0.000006 0.000004 0.000005 0.000004 0.000005 0.000007 0.000004 0.000005 0.000003 0.000003 
142 1 0.000006 0.000004 0.000005 0.000004 0.000005 0.000007 0.000004 0.000005 0.000003 0.000003 
143 1 0.000006 0.000004 0.000005 0.000004 0.000005 0.000007 0.000004 0.000005 0.000003 0.000003 
144 0 0.000006 0.000004 0.000005 0.000004 0.000005 0.000007 0.000004 0.000005 0.000003 0.000003 
145 0 0.000006 0.000004 0.000005 0.000004 0.000005 0.000007 0.000004 0.000005 0.000003 0.000003 
146 1 0.000006 0.000004 0.000005 0.000004 0.000005 0.000007 0.000004 0.000005 0.000003 0.000003 
147 1 0.000006 0.000004 0.000005 0.000004 0.000005 0.000007 0.000004 0.000005 0.000003 0.000003 
148 1 0.000006 0.000004 0.000005 0.000004 0.000005 0.000007 0.000004 0.000005 0.000003 0.000003 
149 0 0.000006 0.000004 0.000005 0.000004 0.000005 0.000007 0.000004 0.000005 0.000003 0.000003 
150 0 0.000006 0.000004 0.000005 0.000004 0.000005 0.000007 0.000004 0.000005 0.000003 0.000003 
151 0 0.000006 0.000004 0.000005 0.000004 0.000005 0.000007 0.000004 0.000005 0.000003 0.000003 
152 0 0.000006 0.000004 0.000005 0.000004 0.000005 0.000007 0.000004 0.000005 0.000003 0.000003 
153 1 0.000006 0.000004 0.000005 0.000004 0.000005 0.000007 0.000004 0.000005 0.000003 0.000003 
154 1 0.000006 0.000004 0.000005 0.000004 0.000005 0.000007 0.000004 0.000005 0.000003 0.000003 
155 1 0.000006 0.000004 0.000005 0.000004 0.000005 0.000007 0.000004 0.000005 0.000003 0.000003 
156 0 0.000006 0.000004 0.000005 0.000004 0.000005 0.000007 0.000004 0.000005 0.000003 0.000003 
157 0 0.000006 0.000004 0.000005 0.000004 0.000005 0.000007 0.000004 0.000005 0.000003 0.000003 
158 0 0.000006 0.000004 0.000005 0.000004 0.000005 0.000007 0.000004 0.000005 0.000003 0.000003 
159 0 0.000006 0.000004 0.000005 0.000004 0.000005 0.000007 0.000004 0.000005 0.000003 0.000003 
160 1 0.000006 0.000004 0.000005 0.000004 0.000005 0.000007 0.000004 0.000005 0.000003 0.000003 
161 1 0.000006 0.000004 0.000005 0.000004 0.000005 0.000007 0.000004 0.000005 0.000003 0.000003 
162 0 0.000006 0.000004 0.000005 0.000004 0.000005 0.000007 0.000004 0.000005 0.000003 0.000003 
163 0 0.000006 0.000004 0.000005 0.000004 0.000005 0.000007 0.000004 0.000005 0.000003 0.000003 
164 1 0.000006 0.000004 0.000005 0.000004 0.000005 0.000007 0.000004 0.000005 0.000003 0.000003 
165 0 0.000006 0.000004 0.000005 0.000004 0.000005 0.000007 0.000004 0.000005 0.000003 0.000003 
166 0 0.000006 0.000004 0.000005 0.000004 0.000005 0.000007 0.000004 0.000005 0.000003 0.000003 
167 1 0.000006 0.000004 0.000005 0.000004 0.000005 0.000007 0.000004 0.000005 0.000003 0.000003 
168 1 0.000006 0.000004 0.000005 0.000004 0.000005 0.000007 0.000004 0.000005 0.000003 0.000003 
169 0 0.000006 0.000004 0.000005 0.000004 0.000005 0.000007 0.000004 0.000005 0.000003 0.000003 
170 0 0.000006 0.000004 0.000005 0.000004 0.000005 0.000007 0.000004 0.000005 0.000003 0.000003 
171 0 0.000006 0.000004 0.000005 0.000004 0.000005 0.000007 0.000004 0.000005 0.000003 0.000003 
172 0 0.000006 0.000004 0.000005 0.000004 0.000005 0.000007 0.000004 0.000005 0.000003 0.000003 
173 0 0.000006 0.000004 0.000005 0.000004 0.000005 0.000007 0.000004 0.000005 0.000003 0.000003 
174 0 0.000006 0.000004 0.000005 0.000004 0.000005 0.000007 0.000004 0.000005 0.000003 0.000003 
175 0 0.000006 0.000004 0.000005 0.000004 0.000005 0.000007 0.000004 0.000005 0.000003 0.000003 
176 0 0.000006 0.000004 0.000005 0.000004 0.000005 0.000007 0.000004 0.000005 0.000003 0.000003 
177 0 0.000006 0.000004 0.000005 0.000004 0.000005 0.000007 0.000004 0.000005 0.000003 0.000003 
178 0 0.000006 0.000004 0.000005 0.000004 0.000005 0.000007 0.000004 0.000005 0.000003 0.000003 
179 1 0.000006 0.000004 0.000005 0.000004 0.000005 0.000007 0.000004 0.000005 0.000003 0.000003 
180 0 0.000006 0.000004 0.000005 0.000004 0.000005 0.000007 0.000004 0.000005 0.000003 0.000003 
181 0 0.000006 0.000004 0.000005 0.000004 0.000005 0.000007 0.000004 0.000005 0.000003 0.000003 
182 1 0.000006 0.000004 0.000005 0.000004 0.000005 0.000007 0.000004 0.000005 0.000003 0.000003 
183 1 0.000006 0.000004 0.000005 0.000004 0.000005 0.000007 0.000004 0.000005 0.000003 0.000003 
184 0 0.000006 0.000004 0.000005 0.000004 0.000005 0.000007 0.000004 0.000005 0.000003 0.000003 
185 0 0.000006 0.000004 0.000005 0.000004 0.000005 0.000007 0.000004 0.000005 0.000003 0.000003 
186 0 0.000006 0.000004 0.000005 0.000004 0.000005 0.000007 0.000004 0.000005 0.000003 0.000003 
187 0 0.000006 0.000004 0.000005 0.000004 0.000005 0.000007 0.000004 0.000005 0.000003 0.000003 
188 1 0.000006 0.000004 0.000005 0.000004 0.000005 0.000007 0.000004 0.000005 0.000003 0.000003 
189 0 0.000006 0.000004 0.000005 0.000004 0.000005 0.000007 0.000004 0.000005 0.000003 0.000003 
190 0 0.000006 0.000004 0.000005 0.000004 0.000005 0.000007 0.000004 0.000005 0.000003 0.000003 
191 0 0.000006 0.000004 0.000005 0.000004 0.000005 0.000007 0.000004 0.000005 0.000003 0.000003 
192 0 0.000006 0.000004 0.000005 0.000004 0.000005 0.000007 0.000004 0.000005 0.000003 0.000003 
193 0 0.000006 0.000004 0.000005 0.000004 0.000005 0.000007 0.000004 0.000005 0.000003 0.000003 
194 0 0.000006 0.000004 0.000005 0.000004 0.000005 0.000007 0.000004 0.000005 0.000003 0.000003 
195 0 0.000006 0.000004 0.000005 0.000004 0.000005 0.000007 0.000004 0.000005 0.000003 0.000003 
196 0 0.000006 0.000004 0.000005 0.000004 0.000005 0.000007 0.000004 0.000005 0.000003 0.000003 
197 0 0.000006 0.000004 0.000005 0.000004 0.000005 0.000007 0.000004 0.000005 0.000003 0.000003 
198 0 0.000006 0.000004 0.000005 0.000004 0.000005 0.000007 0.000004 0.000005 0.000003 0.000003 
199 1 0.000006 0.000004 0.000005 0.000004 0.000005 0.000007 0.000004 0.000005 0.000003 0.000003 
200 1 0.000006 0.000004 0.000005 0.000004 0.000005 0.000007 0.000004 0.000005 0.000003 0.000003 
201 1 0.000006 0.000004 0.000005 0.000004 0.000005 0.000007 0.000004 0.000005 0.000003 0.000003 
202 1 0.000006 0.000004 0.000005 0.000004 0.000005 0.000007 0.000004 0.000005 0.000003 0.000003 
203 0 0.000006 0.000004 0.000005 0.000004 0.000005 0.000007 0.000004 0.000005 0.000003 0.000003 
204 1 0.000006 0.000004 0.000005 0.000004 0.000005 0.000007 0.000004 0.000005 0.000003 0.000003 
205 1 0.000006 0.000004 0.000005 0.000004 0.000005 0.000007 0.000004 0.000005 0.000003 0.000003 
206 0 0.000006 0.000004 0.000005 0.000004 0.000005 0.000007 0.000004 0.000005 0.000003 0.000003 
207 1 0.000006 0.000004 0.000005 0.000004 0.000005 0.000007 0.000004 0.000005 0.000003 0.000003 
208 0 0.000006 0.000004 0.000005 0.000004 0.000005 0.000007 0.000004 0.000005 0.000003 0.000003 
209 0 0.000006 0.000004 0.000005 0.000004 0.000005 0.000007 0.000004 0.000005 0.000003 0.000003 
210 0 0.000006 0.000004 0.000005 0.000004 0.000005 0.000007 0.000004 0.000005 0.000003 0.000003 
211 0 0.000006 0.000004 0.000005 0.000004 0.000005 0.000007 0.000004 0.000005 0.000003 0.000003 
212 0 0.000006 0.000004 0.000005 0.000004 0.000005 0.000007 0.000004 0.000005 0.000003 0.000003 
213 1 0.000006 0.000004 0.000005 0.000004 0.000005 0.000007 0.000004 0.000005 0.000003 0.000003 
214 0 0.000006 0.000004 0.000005 0.000004 0.000005 0.000007 0.000004 0.000005 0.000003 0.000003 
215 0 0.000006 0.000004 0.000005 0.000004 0.000005 0.000007 0.000004 0.000005 0.000003 0.000003 
216 0 0.000006 0.000004 0.000005 0.000004 0.000005 0.000007 0.000004 0.000005 0.000003 0.000003 
217 0 0.000006 0.000004 0.000005 0.000004 0.000005 0.000007 0.000004 0.000005 0.000003 0.000003 
218 0 0.000006 0.000004 0.000005 0.000004 0.000005 0.000007 0.000004 0.000005 0.000003 0.000003 
219 0 0.000006 0.000004 0.000005 0.000004 0.000005 0.000007 0.000004 0.000005 0.000003 0.000003 
220 0 0.000006 0.000004 0.000005 0.000004 0.000005 0.000007 0.000004 0.000005 0.000003 0.000003 
221 0 0.000006 0.000004 0.000005 0.000004 0.000005 0.000007 0.000004 0.000005 0.000003 0.000003 
222 0 0.000006 0.000004 0.000005 0.000004 0.000005 0.000007 0.000004 0.000005 0.000003 0.000003 
223 0 0.000006 0.000004 0.000005 0.000004 0.000005 0.000007 0.000004 0.000005 0.000003 0.000003 
224 0 0.000006 0.000004 0.000005 0.000004 0.000005 0.000007 0.000004 0.000005 0.000003 0.000003 
225 1 0.000006 0.000004 0.000005 0.000004 0.000005 0.000007 0.000004 0.000005 0.000003 0.000003 
226 0 0.000006 0.000004 0.000005 0.000004 0.000005 0.000007 0.000004 0.000005 0.000003 0.000003 
227 0 0.000006 0.000004 0.000005 0.000004 0.000005 0.000007 0.000004 0.000005 0.000003 0.000003 
228 0 0.000006 0.000004 0.000005 0.000004 0.000005 0.000007 0.000004 0.000005 0.000003 0.000003 
229 0 0.000006 0.000004 0.000005 0.000004 0.000005 0.000007 0.000004 0.000005 0.000003 0.000003 
230 0 0.000006 0.000004 0.000005 0.000004 0.000005 0.000007 0.000004 0.000005 0.000003 0.000003 
231 0 0.000006 0.000004 0.000005 0.000004 0.000005 0.000007 0.000004 0.000005 0.000003 0.000003 
232 1 0.000006 0.000004 0.000005 0.000004 0.000005 0.000007 0.000004 0.000005 0.000003 0.000003 
233 0 0.000006 0.000004 0.000005 0.000004 0.000005 0.000007 0.000004 0.000005 0.000003 0.000003 
234 0 0.000006 0.000004 0.000005 0.000004 0.000005 0.000007 0.000004 0.000005 0.000003 0.000003 
235 0 0.000006 0.000004 0.000005 0.000004 0.000005 0.000007 0.000004 0.000005 0.000003 0.000003 
236 1 0.000006 0.000004 0.000005 0.000004 0.000005 0.000007 0.000004 0.000005 0.000003 0.000003 
237 0 0.000006 0.000004 0.000005 0.000004 0.000005 0.000007 0.000004 0.000005 0.000003 0.000003 
238 0 0.000006 0.000004 0.000005 0.000004 0.000005 0.000007 0.000004 0.000005 0.000003 0.000003 
239 0 0.000006 0.000004 0.000005 0.000004 0.000005 0.000007 0.000004 0.000005 0.000003 0.000003 
240 0 0.000006 0.000004 0.000005 0.000004 0.000005 0.000007 0.000004 0.000005 0.000003 0.000003 
241 0 0.000006 0.000004 0.000005 0.000004 0.000005 0.000007 0.000004 0.000005 0.000003 0.000003 
242 1 0.000006 0.000004 0.000005 0.000004 0.000005 0.000007 0.000004 0.000005 0.000003 0.000003 
243 0 0.000006 0.000004 0.000005 0.000004 0.000005 0.000007 0.000004 0.000005 0.000003 0.000003 
244 1 0.000006 0.000004 0.000005 0.000004 0.000005 0.000007 0.000004 0.000005 0.000003 0.000003 
245 1 0.000006 0.000004 0.000005 0.000004 0.000005 0.000007 0.000004 0.000005 0.000003 0.000003 
246 1 0.000006 0.000004 0.000005 0.000004 0.000005 0.000007 0.000004 0.000005 0.000003 0.000003 
247 0 0.000006 0.000004 0.000005 0.000004 0.000005 0.000007 0.000004 0.000005 0.000003 0.000003 
248 0 0.000006 0.000004 0.000005 0.000004 0.000005 0.000007 0.000004 0.000005 0.000003 0.000003 
249 0 0.000006 0.000004 0.000005 0.000004 0.000005 0.000007 0.000004 0.000005 0.000003 0.000003 
250 0 0.000006 0.000004 0.000005 0.000004 0.000005 0.000007 0.000004 0.000005 0.000003 0.000003 
251 0 0.000006 0.000004 0.000005 0.000004 0.000005 0.000007 0.000004 0.000005 0.000003 0.000003 
252 0 0.000006 0.000004 0.000005 0.000004 0.000005 0.000007 0.000004 0.000005 0.000003 0.000003 
253 0 0.000006 0.000004 0.000005 0.000004 0.000005 0.000007 0.000004 0.000005 0.000003 0.000003 
254 0 0.000006 0.000004 0.000005 0.000004 0.000005 0.000007 0.000004 0.000005 0.000003 0.000003 
255 1 0.000006 0.000004 0.000005 0.000004 0.000005 0.000007 0.000004 0.000005 0.000003 0.000003 
256 1 0.000006 0.000004 0.000005 0.000004 0.000005 0.000007 0.000004 0.000005 0.000003 0.000003 
257 0 0.000006 0.000004 0.000005 0.000004 0.000005 0.000007 0.000004 0.000005 0.000003 0.000003 
258 0 0.000006 0.000004 0.000005 0.000004 0.000005 0.000007 0.000004 0.000005 0.000003 0.000003 
259 1 0.000006 0.000004 0.000005 0.000004 0.000005 0.000007 0.000004 0.000005 0.000003 0.000003 
260 1 0.000006 0.000004 0.000005 0.000004 0.000005 0.000007 0.000004 0.000005 0.000003 0.000003 
261 0 0.000006 0.000004 0.000005 0.000004 0.000005 0.000007 0.000004 0.000005 0.000003 0.000003 
262 0 0.000006 0.000004 0.000005 0.000004 0.000005 0.000007 0.000004 0.000005 0.000003 0.000003 
263 1 0.000006 0.000004 0.000005 0.000004 0.000005 0.000007 0.000004 0.000005 0.000003 0.000003 
264 0 0.000006 0.000004 0.000005 0.000004 0.000005 0.000007 0.000004 0.000005 0.000003 0.000003 
265 0 0.000006 0.000004 0.000005 0.000004 0.000005 0.000007 0.000004 0.000005 0.000003 0.000003 
266 1 0.000006 0.000004 0.000005 0.000004 0.000005 0.000007 0.000004 0.000005 0.000003 0.000003 
267 1 0.000006 0.000004 0.000005 0.000004 0.000005 0.000007 0.000004 0.000005 0.000003 0.000003 
268 0 0.000006 0.000004 0.000005 0.000004 0.000005 0.000007 0.000004 0.000005 0.000003 0.000003 
269 0 0.000006 0.000004 0.000005 0.000004 0.000005 0.000007 0.000004 0.000005 0.000003 0.000003 
270 1 0.000006 0.000004 0.000005 0.000004 0.000005 0.000007 0.000004 0.000005 0.000003 0.000003 
271 0 0.000006 0.000004 0.000005 0.000004 0.000005 0.000007 0.000004 0.000005 0.000003 0.000003 
272 1 0.000006 0.000004 0.000005 0.000004 0.000005 0.000007 0.000004 0.000005 0.000003 0.000003 
273 0 0.000006 0.000004 0.000005 0.000004 0.000005 0.000007 0.000004 0.000005 0.000003 0.000003 
274 0 0.000006 0.000004 0.000005 0.000004 0.000005 0.000007 0.000004 0.000005 0.000003 0.000003 
275 0 0.000006 0.000004 0.000005 0.000004 0.000005 0.000007 0.000004 0.000005 0.000003 0.000003 
276 0 0.000006 0.000004 0.000005 0.000004 0.000005 0.000007 0.000004 0.000005 0.000003 0.000003 
277 0 0.000006 0.000004 0.000005 0.000004 0.000005 0.000007 0.000004 0.000005 0.000003 0.000003 
278 1 0.000006 0.000004 0.000005 0.000004 0.000005 0.000007 0.000004 0.000005 0.000003 0.000003 
279 1 0.000006 0.000004 0.000005 0.000004 0.000005 0.000007 0.000004 0.000005 0.000003 0.000003 
280 0 0.000006 0.000004 0.000005 0.000004 0.000005 0.000007 0.000004 0.000005 0.000003 0.000003 
281 1 0.000006 0.000004 0.000005 0.000004 0.000005 0.000007 0.000004 0.000005 0.000003 0.000003 
282 1 0.000006 0.000004 0.000005 0.000004 0.000005 0.000007 0.000004 0.000005 0.000003 0.000003 
283 1 0.000006 0.000004 0.000005 0.000004 0.000005 0.000007 0.000004 0.000005 0.000003 0.000003 
284 1 0.000006 0.000004 0.000005 0.000004 0.000005 0.000007 0.000004 0.000005 0.000003 0.000003 
285 1 0.000006 0.000004 0.000005 0.000004 0.000005 0.000007 0.000004 0.000005 0.000003 0.000003 
286 0 0.000006 0.000004 0.000005 0.000004 0.000005 0.000007 0.000004 0.000005 0.000003 0.000003 
287 0 0.000006 0.000004 0.000005 0.000004 0.000005 0.000007 0.000004 0.000005 0.000003 0.000003 
288 0 0.000006 0.000004 0.000005 0.000004 0.000005 0.000007 0.000004 0.000005 0.000003 0.000003 
289 1 0.000006 0.000004 0.000005 0.000004 0.000005 0.000007 0.000004 0.000005 0.000003 0.000003 
290 0 0.000006 0.000004 0.000005 0.000004 0.000005 0.000007 0.000004 0.000005 0.000003 0.000003 
291 1 0.000006 0.000004 0.000005 0.000004 0.000005 0.000007 0.000004 0.000005 0.000003 0.000003 
292 0 0.000006 0.000004 0.000005 0.000004 0.000005 0.000007 0.000004 0.000005 0.000003 0.000003 
293 0 0.000006 0.000004 0.000005 0.000004 0.000005 0.000007 0.000004 0.000005 0.000003 0.000003 
294 0 0.000006 0.000004 0.000005 0.000004 0.000005 0.000007 0.000004 0.000005 0.000003 0.000003 
295 0 0.000006 0.000004 0.000005 0.000004 0.000005 0.000007 0.000004 0.000005 0.000003 0.000003 
296 1 0.000006 0.000004 0.000005 0.000004 0.000005 0.000007 0.000004 0.000005 0.000003 0.000003 
297 0 0.000006 0.000004 0.000005 0.000004 0.000005 0.000007 0.000004 0.000005 0.000003 0.000003 
298 0 0.000006 0.000004 0.000005 0.000004 0.000005 0.000007 0.000004 0.000005 0.000003 0.000003 
